 wavelength_nm:          532 crefin: {    1.33000004       0.00000000      }
 r qext qsca p180
  0.100000001      0.163101226      0.163101226      0.684177339    
  0.200000003       1.09045970       1.09045970      0.210142031    
  0.300000012       2.31575346       2.31575346      0.179868549    
  0.400000006       3.42539358       3.42539358      0.162029520    
  0.500000000       3.91092467       3.91092467      0.116757438    
  0.600000024       3.72947884       3.72947884       7.67470226E-02
  0.700000048       3.24331760       3.24331760       1.29191056E-02
  0.800000072       2.34511399       2.34511399       2.57814135E-02
  0.900000095       1.97297680       1.97297680      0.390366793    
   1.00000012       1.74229848       1.74229848      0.811414182    
   1.10000002       1.93029833       1.93029833      0.906316578    
   1.20000005       2.45363688       2.45363688       1.55361509    
   1.29999995       2.59976006       2.59976006      0.408619404    
   1.39999998       2.85689664       2.85689664       1.72570086    
   1.49999988       2.57420659       2.57420659       6.55923411E-02
   1.59999990       2.38502312       2.38502312       1.64156318    
   1.69999993       2.07005191       2.07005191      0.642990708    
   1.79999983       1.90209651       1.90209651      0.610595405    
   1.99999976       2.16346097       2.16346097       1.06072575E-02
   2.09999990       2.44710493       2.44710493      0.930432856    
   2.19999981       2.50049829       2.50049829      0.128120497    
   2.29999995       2.40933299       2.40933299      0.414520442    
   2.40000010       2.24853206       2.24853206      0.284690946    
   2.50000024       1.98686433       1.98686433      0.163992092    
   2.60000014       1.98284400       1.98284400      0.373326033    
   2.70000029       1.96477437       1.96477437       7.52822030E-03
   2.80000043       2.19931126       2.19931126      0.290773541    
   2.90000057       2.32228541       2.32228541      0.155820176    
   3.00000048       2.39186549       2.39186549       9.11594555E-02
   3.10000062       2.38332772       2.38332772      0.839316010    
   3.20000076       2.16111231       2.16111231       9.82471555E-02
   3.30000091       2.08709264       2.08709264       2.19991040    
   3.40000081       1.94261432       1.94261432      0.249523208    
   3.50000095       2.01584077       2.01584077       2.59912562    
   3.60000110       2.12236905       2.12236905       6.38631582E-02
   3.70000100       2.30253983       2.30253983       2.32508922    
   3.80000114       2.36501980       2.36501980      0.144833267    
   3.90000105       2.26726651       2.26726651      0.240265548    
   4.10000086       2.03921270       2.03921270       1.19722206E-02
   4.20000076       1.97412586       1.97412586      0.510861814    
   4.30000067       2.01396060       2.01396060      0.316222042    
   4.40000010       2.06983280       2.06983280      0.547880769    
   4.50000000       2.24070668       2.24070668      0.736355901    
   4.59999990       2.24729991       2.24729991      0.406375408    
   5.19999933       2.12263966       2.12263966       1.19529760    
   5.39999866       2.23744988       2.23744988       1.83947623    
   5.49999857       2.22782779       2.22782779      0.236473560    
   5.59999847       2.17764878       2.17764878       2.76029634    
   5.69999838       2.08857489       2.08857489      0.163577944    
   5.79999828       1.98435175       1.98435175      0.564361095    
   5.99999809       2.06945968       2.06945968      0.215842590    
   6.09999800       2.13973546       2.13973546      0.205386743    
   6.19999743       2.22330880       2.22330880       6.86156675E-02
   6.29999733       2.17560410       2.17560410      0.109886572    
   6.39999723       2.16461277       2.16461277      0.320526481    
   6.49999714       2.05197573       2.05197573      0.672200680    
   6.89999676       2.15806365       2.15806365      0.650781512    
   7.09999609       2.20780277       2.20780277       1.20414257    
   7.19999599       2.12857080       2.12857080       6.36577681E-02
   7.29999590       2.05627036       2.05627036       1.11923349    
   7.39999580       2.01832461       2.01832461       3.28328973E-03
   7.49999571       2.03483224       2.03483224       1.59737921    
   7.59999561       2.07275963       2.07275963       8.49770159E-02
   7.69999599       2.11374545       2.11374545       7.94970989E-02
   7.89999580       2.16951823       2.16951823      0.439810276    
   7.99999523       2.11626291       2.11626291      0.846368253    
   8.09999561       2.07268167       2.07268167      0.716988266    
   8.79999447       2.13924575       2.13924575      0.576181650    
   8.99999428       2.03945827       2.03945827       2.35615182    
   9.09999371       2.00629091       2.00629091      0.337065727    
   9.19999409       2.04012752       2.04012752       2.48349047    
   9.29999352       2.10647631       2.10647631      0.294983864    
   9.39999294       2.15510440       2.15510440       2.77903080    
   9.49999332       2.16733623       2.16733623      0.162595242    
   9.59999275       2.10699725       2.10699725      0.181025818    
   9.79999256       2.02397966       2.02397966       3.07406131E-02
   10.0999928       2.07592678       2.07592678      0.499951154    
   10.1999922       2.14459562       2.14459562       1.67409980    
   10.4999914       2.07325053       2.07325053      0.228791058    
   10.6999912       2.03023338       2.03023338       6.84469789E-02
   10.8999910       2.09107518       2.09107518       1.00881791    
   10.9999914       2.12438655       2.12438655       3.57835069E-02
   11.0999908       2.12279916       2.12279916       1.23413098    
   11.1999903       2.11729002       2.11729002      0.211695150    
   11.2999907       2.07001567       2.07001567      0.937230289    
   11.3999901       2.03733730       2.03733730      0.168145090    
   11.4999905       2.01232147       2.01232147      0.355740637    
   11.7999897       2.10266399       2.10266399      0.251938581    
   11.9999895       2.09919930       2.09919930       3.43919210E-02
   12.0999889       2.07058382       2.07058382      0.869377315    
   12.3999891       2.03732324       2.03732324      0.129619226    
   12.5999889       2.11868882       2.11868882      0.500735700    
   12.6999884       2.11454272       2.11454272      0.392351776    
   12.7999887       2.10549879       2.10549879       1.79007804    
   12.8999882       2.06411076       2.06411076      0.321650624    
   12.9999876       2.02500510       2.02500510       1.33045614    
   13.1999874       2.02837610       2.02837610      0.591699243    
   13.3999872       2.09633207       2.09633207       1.28686801E-02
   13.6999874       2.05397177       2.05397177      0.667061567    
   13.7999868       2.04093432       2.04093432       1.43485498    
   13.8999863       2.00798202       2.00798202      0.504951358    
   13.9999866       2.03437281       2.03437281       2.53403354    
   14.2999859       2.11809874       2.11809874       8.14778805E-02
   14.4999857       2.07731223       2.07731223      0.723018825    
   14.5999861       2.02827311       2.02827311      0.122851655    
   14.6999855       2.01140833       2.01140833       1.76046157    
   14.7999849       2.03120422       2.03120422      0.494091839    
   14.8999853       2.05185652       2.05185652       2.31957388    
   14.9999847       2.09799743       2.09799743      0.850248277    
   15.0999851       2.10032105       2.10032105      0.637805581    
   15.5999880       2.01686001       2.01686001       5.04036658E-02
   15.6999884       2.05889750       2.05889750      0.984149098    
   15.7999897       2.08287525       2.08287525      0.308429867    
   15.8999901       2.10092878       2.10092878       1.89833605    
   16.1999931       2.03963304       2.03963304      0.119462997    
   16.4999943       2.04976058       2.04976058       9.14922059E-02
   16.5999947       2.07299709       2.07299709      0.635815144    
   16.6999969       2.09740210       2.09740210      0.115228124    
   16.7999973       2.09321404       2.09321404       1.10701299    
   16.9999981       2.03262329       2.03262329       1.86169539E-02
   17.5000019       2.08623815       2.08623815      0.371983320    
   17.6000023       2.09243059       2.09243059       1.48239887    
   17.7000046       2.06135082       2.06135082      0.137998864    
   17.8000050       2.04181814       2.04181814       2.05035377    
   17.9000053       2.02054644       2.02054644      0.219894409    
   18.1000061       2.05095935       2.05095935      0.119928747    
   18.4000092       2.08414316       2.08414316      0.503413439    
   18.6000099       2.04099631       2.04099631      0.970640421    
   18.9000130       2.03862524       2.03862524      0.346118629    
   19.3000164       2.06944156       2.06944156      0.772003412    
   19.4000168       2.03197646       2.03197646      0.370735496    
   19.5000172       2.02002573       2.02002573       2.37174392    
   19.7000198       2.04374957       2.04374957       3.14041638    
   19.8000202       2.07044673       2.07044673      0.718510330    
   20.0000210       2.08502007       2.08502007      0.277108997    
   20.3000240       2.02223253       2.02223253       9.70026106E-02
   20.4000244       2.01246142       2.01246142      0.514541388    
   20.5000248       2.03962588       2.03962588      0.705828428    
   20.8000278       2.08077073       2.08077073      0.241058543    
   21.2000313       2.02115989       2.02115989      0.366780400    
   21.3000317       2.03277040       2.03277040       3.21998596E-02
   21.4000320       2.05596495       2.05596495       1.10584283    
   21.6000328       2.08508968       2.08508968       1.33034432    
   21.7000351       2.06600165       2.06600165      0.134196937    
   21.9000359       2.02267599       2.02267599       7.32336938E-02
   22.2000389       2.05462909       2.05462909      0.438430250    
   22.3000393       2.06863856       2.06863856      0.625961840    
   22.4000397       2.07953930       2.07953930      0.999926507    
   22.5000401       2.06103277       2.06103277      0.920037508    
   22.7000427       2.02166700       2.02166700       5.22887520E-02
   23.0000439       2.04725647       2.04725647      0.502223313    
   23.2000465       2.07096267       2.07096267      0.612780631    
   23.3000469       2.05913162       2.05913162       2.34709430    
   23.5000477       2.02085423       2.02085423       1.69101179    
   23.6000481       2.02486897       2.02486897      0.982067764    
   24.1000519       2.06407595       2.06407595      0.807720482    
   24.2000542       2.03607082       2.03607082       1.14425159    
   24.3000546       2.02559805       2.02559805       1.90985799    
   24.4000549       2.01733804       2.01733804      0.795150816    
   24.5000553       2.02957559       2.02957559       1.65369582    
   24.6000557       2.05194640       2.05194640      0.487299293    
   24.9000587       2.05910635       2.05910635       1.70812849E-02
   25.0000591       2.04324412       2.04324412       1.15278363    
   25.1000595       2.02365184       2.02365184      0.232278079    
   25.2000618       2.01418614       2.01418614       1.48442304    
   25.5000629       2.06623006       2.06623006      0.498898864    
   25.8000660       2.04202271       2.04202271       1.71861853E-02
   25.9000664       2.02079129       2.02079129      0.415714473    
   26.0000668       2.01728654       2.01728654      0.322701603    
   26.1000671       2.02484131       2.02484131      0.390687257    
   26.3000698       2.05984497       2.05984497      0.106155604    
   26.4000702       2.06817508       2.06817508      0.395683736    
   26.8000736       2.01462436       2.01462436      0.315487444    
   26.9000740       2.02630806       2.02630806       1.90268803    
   27.1000748       2.06007338       2.06007338       2.02201867    
   27.2000771       2.06907129       2.06907129      0.873247981    
   27.4000778       2.04658842       2.04658842      0.678348839    
   27.7000809       2.02347994       2.02347994      0.540257871    
   27.8000813       2.03443599       2.03443599      0.815275073    
   27.9000816       2.06031799       2.06031799       1.71542227    
   28.2000847       2.04369164       2.04369164      0.742910266    
   28.6000862       2.03838420       2.03838420      0.841053009    
   28.7000885       2.05368519       2.05368519      0.347846895    
   28.8000889       2.05962634       2.05962634       1.59210813    
   28.9000893       2.06008554       2.06008554       1.04556382    
   29.0000896       2.04693389       2.04693389       3.28207397    
   29.1000900       2.03008461       2.03008461       1.87456739    
   29.3000927       2.01973653       2.01973653      0.801094353    
   29.6000938       2.06163406       2.06163406      0.158589542    
   29.7000961       2.05510473       2.05510473      0.179635063    
   29.8000965       2.04429007       2.04429007       1.05482113    
   30.1000977       2.02258778       2.02258778      0.471648604    
   30.6001015       2.04248548       2.04248548       5.94934821E-02
   30.7001019       2.02455521       2.02455521      0.676556826    
   30.9001045       2.02544856       2.02544856       1.70554566    
   31.0001049       2.03572583       2.03572583      0.772077501    
   31.5001087       2.02670622       2.02670622      0.485319078    
   31.6001091       2.01475000       2.01475000      0.539025486    
   31.7001095       2.02096272       2.02096272       1.80409253    
   31.9001122       2.05275059       2.05275059       2.62571478    
   32.0001144       2.05973125       2.05973125      0.520233870    
   32.5001183       2.01708317       2.01708317      0.701977730    
   32.6001167       2.02623701       2.02623701       1.62521863    
   32.8001175       2.05337572       2.05337572       1.46561408    
   32.9001198       2.06020570       2.06020570       2.32843542    
   33.4001236       2.02997160       2.02997160       1.10649991    
   33.5001259       2.04163241       2.04163241      0.680893719    
   33.7001266       2.05596733       2.05596733      0.958072364    
   33.8001251       2.04348016       2.04348016       1.39998066    
   33.9001274       2.03347683       2.03347683       1.13528812    
   34.2001305       2.02894855       2.02894855       3.15216593E-02
   34.4001312       2.05271316       2.05271316      0.304240376    
   34.5001335       2.05176640       2.05176640      0.656361639    
   34.8001328       2.02028465       2.02028465      0.986636341    
   35.1001358       2.03948951       2.03948951       8.22013989E-03
   35.2001381       2.05143070       2.05143070      0.209267676    
   35.3001366       2.05410480       2.05410480      0.541004956    
   35.4001389       2.04308558       2.04308558      0.236912549    
   35.6001396       2.01842070       2.01842070      0.419493318    
   35.7001419       2.01587152       2.01587152      0.361447334    
   36.1001434       2.05129910       2.05129910      0.240992963    
   36.2001457       2.04464412       2.04464412       1.50072515    
   36.3001442       2.02918220       2.02918220      0.609368324    
   36.4001465       2.01835012       2.01835012       1.60874379    
   36.5001488       2.01889420       2.01889420       1.97916746    
   36.6001472       2.02178979       2.02178979      0.609660923    
   36.7001495       2.03877378       2.03877378       1.26196015    
   37.0001526       2.04399490       2.04399490      0.641105473    
   37.1001511       2.02834105       2.02834105      0.533511519    
   37.2001534       2.02314043       2.02314043       2.40807486    
   37.5001564       2.03918242       2.03918242       1.50638664    
   38.1001587       2.01258945       2.01258945      0.761045635    
   38.2001610       2.02416849       2.02416849       1.29911458    
   38.4001617       2.04742956       2.04742956       2.62358904    
   38.5001640       2.05146980       2.05146980      0.725017548    
   38.6001625       2.04045224       2.04045224      0.606444240    
   38.9001656       2.01351714       2.01351714      0.254357338    
   39.0001678       2.02149439       2.02149439       7.47550279E-02
   39.1001663       2.03312325       2.03312325       1.05782139    
   39.4001694       2.04596424       2.04596424      0.876153409    
   39.9001732       2.03032708       2.03032708       9.84769762E-02
   40.0001755       2.04319596       2.04319596      0.330635071    
   40.3001747       2.03506613       2.03506613       1.85925543    
   40.4001770       2.02102542       2.02102542      0.237024382    
   40.8001785       2.04234481       2.04234481      0.547477007    
   40.9001808       2.04579854       2.04579854      0.541490734    
   41.0001831       2.04396081       2.04396081       1.68737411    
   41.2001839       2.02419257       2.02419257       2.88664699    
   41.3001823       2.01879907       2.01879907       1.83112311    
   41.8001862       2.04278278       2.04278278      0.768036187    
   41.9001884       2.03012657       2.03012657       1.10220969    
   42.2001915       2.02215171       2.02215171       3.16772437    
   42.8001938       2.02097225       2.02097225      0.535209000    
   43.0001945       2.02032161       2.02032161       1.26641488    
   43.1001968       2.02599931       2.02599931      0.729831696    
   43.2001991       2.04233408       2.04233408       1.80696762    
   43.5001984       2.03563786       2.03563786      0.174979955    
   43.7002029       2.01443911       2.01443911      0.367072493    
   43.8002014       2.01674223       2.01674223      0.317990482    
   44.1002045       2.04507589       2.04507589      0.763906658    
   44.5002060       2.01678920       2.01678920       6.12546764E-02
   44.7002106       2.02379823       2.02379823      0.216413826    
   44.9002113       2.04470634       2.04470634      0.964339197    
   45.0002098       2.04190874       2.04190874      0.403890103    
   45.1002121       2.03656936       2.03656936       1.25382817    
   45.5002136       2.02507544       2.02507544      0.753332376    
   45.6002159       2.03656197       2.03656197       1.07686305    
   45.7002182       2.04128432       2.04128432       1.17393959    
   45.8002167       2.04342771       2.04342771       2.67192888    
   45.9002190       2.03374672       2.03374672      0.959796548    
   46.0002174       2.02207851       2.02207851       1.21294951    
   46.3002205       2.02285099       2.02285099      0.731329978    
   46.4002228       2.03380489       2.03380489      0.527490795    
   46.6002235       2.04168725       2.04168725       1.35733342    
   46.8002243       2.02667117       2.02667117       2.78922367    
   46.9002266       2.01381755       2.01381755      0.914077461    
   47.0002251       2.01609778       2.01609778       1.54552007    
   47.3002281       2.04120827       2.04120827      0.455461949    
   47.4002304       2.04040384       2.04040384      0.370830983    
   47.5002289       2.03744388       2.03744388       1.52797556    
   47.7002335       2.01533675       2.01533675       2.31773782    
   47.8002319       2.01806164       2.01806164       1.23186469    
   47.9002342       2.01921368       2.01921368      0.379881650    
   48.3002357       2.03526425       2.03526425       6.18370734E-02
   48.4002380       2.02309465       2.02309465      0.491843402    
   48.7002411       2.02184844       2.02184844       1.32680774    
   49.2002449       2.02176404       2.02176404      0.142602712    
   49.3002434       2.01673222       2.01673222      0.257512957    
   49.6002464       2.03441072       2.03441072       2.82299519    
   49.7002487       2.04017425       2.04017425      0.826236546    
   50.2002525       2.01191902       2.01191902      0.563803911    
   50.3002510       2.01982951       2.01982951       1.20855010    
   50.5002518       2.03778172       2.03778172       1.97914970    
   50.6002541       2.04351234       2.04351234       3.19206047    
   51.1002579       2.01909447       2.01909447      0.985473990    
   51.2002602       2.02648878       2.02648878      0.806512356    
   51.5002594       2.03652644       2.03652644       2.59213638    
   51.6002617       2.02942395       2.02942395       2.43061161    
   52.1002655       2.03597355       2.03597355      0.550778449    
   52.2002678       2.03731465       2.03731465      0.642211616    
   52.3002663       2.03798485       2.03798485       1.86692441    
   52.4002686       2.02512360       2.02512360      0.423193723    
   52.5002670       2.01950955       2.01950955       2.19424438    
   53.0002708       2.03877592       2.03877592      0.438593805    
   53.1002731       2.03493214       2.03493214      0.225619555    
   53.3002739       2.01890349       2.01890349      0.549294710    
   53.4002762       2.01307869       2.01307869      0.331753433    
   53.5002747       2.01933169       2.01933169       1.17933977    
   53.7002792       2.03182554       2.03182554      0.158321962    
   53.8002777       2.03964472       2.03964472       6.56904355E-02
   54.0002785       2.02466989       2.02466989      0.266697377    
   54.2002831       2.01444125       2.01444125       1.77319670    
   54.3002815       2.01648641       2.01648641      0.559815407    
   54.4002838       2.02626538       2.02626538       1.54409444    
   54.7002869       2.03302026       2.03302026      0.604677379    
   54.8002853       2.02765536       2.02765536      0.436517119    
   55.0002861       2.01133227       2.01133227       1.01280165    
   55.1002884       2.01660967       2.01660967       2.34592581    
   55.2002907       2.02581263       2.02581263       1.79259133    
   55.3002892       2.03155971       2.03155971       1.03593028    
   55.7002945       2.01761007       2.01761007      0.741528332    
   55.8002930       2.01406240       2.01406240      0.970035851    
   55.9002953       2.01721334       2.01721334       1.58741796    
   56.1002960       2.03355694       2.03355694       3.07333970    
   56.2002983       2.03736067       2.03736067       1.18761706    
   56.3002968       2.03320861       2.03320861      0.930535913    
   56.6002998       2.01261401       2.01261401      0.517836928    
   56.7003021       2.01540136       2.01540136      0.333497018    
   57.0003014       2.03592300       2.03592300       1.93602383    
   57.1003036       2.03778338       2.03778338       1.78323615    
   57.6003075       2.02128029       2.02128029      0.100943469    
   57.7003098       2.03072739       2.03072739      0.114739999    
   58.1003113       2.02153397       2.02153397      0.527276337    
   58.2003136       2.01226521       2.01226521      0.180773363    
   58.5003128       2.02769399       2.02769399      0.185478374    
   58.6003151       2.03528595       2.03528595      0.308298528    
   59.0003166       2.01468873       2.01468873       2.20885491    
   59.5003204       2.03213787       2.03213787      0.607743740    
   59.6003227       2.02827907       2.02827907      0.909511805    
   59.8003235       2.01249409       2.01249409       1.31698334    
   59.9003258       2.01767492       2.01767492       4.01391411    
   60.0003242       2.02147603       2.02147603       2.10635734    
   60.5003281       2.01819587       2.01819587      0.702284575    
   60.8003311       2.01784253       2.01784253       1.07003176    
   60.9003334       2.03064799       2.03064799       3.09123254    
   61.4003372       2.01416159       2.01416159      0.650263965    
   61.5003357       2.01208615       2.01208615      0.380025059    
   61.6003380       2.01963949       2.01963949       1.65198278    
   61.7003403       2.02758503       2.02758503      0.445013136    
   61.8003387       2.03345561       2.03345561       1.19904423    
   62.4003448       2.01745892       2.01745892      0.181814000    
   62.6003456       2.03460240       2.03460240       1.12362707    
   62.7003479       2.03373766       2.03373766      0.247105539    
   62.8003464       2.03070593       2.03070593       1.88518167    
   63.1003494       2.01227117       2.01227117      0.340123147    
   63.3003502       2.02473068       2.02473068      0.563182533    
   63.5003510       2.03353047       2.03353047       1.91646123    
   63.6003532       2.02980232       2.02980232      0.897729874    
   63.7003555       2.02132201       2.02132201       1.12141895    
   64.0003586       2.01534367       2.01534367      0.665258825    
   64.1003571       2.02477980       2.02477980      0.663794398    
   64.3003616       2.03162313       2.03162313       1.15137279    
   64.4003601       2.02898622       2.02898622       1.73799515    
   64.5003586       2.02371216       2.02371216       3.17649317    
   64.7003632       2.01404238       2.01404238       2.04848409    
   65.0003662       2.02961707       2.02961707      0.782460868    
   65.1003647       2.03317976       2.03317976      0.613246918    
   65.4003677       2.01504493       2.01504493       2.12050772    
   65.5003662       2.01503539       2.01503539       2.01341295    
   65.6003723       2.01391506       2.01391506      0.616273999    
   65.9003677       2.03182101       2.03182101      0.617064238    
   66.0003738       2.02955604       2.02955604      0.344420165    
   66.1003723       2.02269173       2.02269173      0.493352741    
   66.3003769       2.01238823       2.01238823       1.89355516    
   66.4003754       2.01634622       2.01634622       1.59982383    
   66.5003738       2.02394080       2.02394080      0.626617134    
   66.9003754       2.02099824       2.02099824      0.144697279    
   67.0003815       2.01646018       2.01646018       7.36370981E-02
   67.3003845       2.02220654       2.02220654       1.92079020    
   67.4003830       2.03094578       2.03094578       1.14841509    
   67.5003815       2.03245640       2.03245640      0.259497792    
   67.9003830       2.01081896       2.01081896      0.415401846    
   68.3003922       2.03235078       2.03235078       2.99833179    
   68.4003906       2.03101492       2.03101492       1.08016324    
   68.8003922       2.01315951       2.01315951      0.809603870    
   68.9003906       2.01949048       2.01949048      0.841336966    
   69.1003952       2.03089547       2.03089547       1.27612579    
   69.3003998       2.02506685       2.02506685       3.40967417    
   69.8003998       2.02573729       2.02573729      0.761039734    
   70.0004044       2.03357863       2.03357863       2.44159770    
   70.1004028       2.02217364       2.02217364      0.607827008    
   70.2004013       2.01950026       2.01950026       3.29211354    
   70.8004074       2.02861786       2.02861786      0.333733678    
   71.0004120       2.01935673       2.01935673      0.817967176    
   71.1004105       2.01093769       2.01093769      0.233391926    
   71.2004089       2.01555181       2.01555181       1.97012055    
   71.7004166       2.02350044       2.02350044      0.154079899    
   71.9004135       2.01329422       2.01329422       1.46388125    
   72.0004196       2.01412559       2.01412559      0.391192913    
   72.1004181       2.01837635       2.01837635       1.52080894    
   72.4004211       2.02724576       2.02724576      0.555186808    
   72.8004227       2.01290083       2.01290083       1.52594209    
   72.9004211       2.01933980       2.01933980       1.86652839    
   73.0004272       2.02481532       2.02481532      0.924347699    
   73.3004303       2.02444482       2.02444482      0.728845477    
   73.4004288       2.01623750       2.01623750       1.07660329    
   73.6004257       2.01265550       2.01265550       1.51272380    
   73.7004318       2.01595831       2.01595831       1.47144759    
   73.8004303       2.02510500       2.02510500       2.81724310    
   73.9004288       2.02934313       2.02934313       1.49350870    
   74.0004349       2.02907825       2.02907825       1.06130278    
   74.3004379       2.01216269       2.01216269      0.734548986    
   74.4004364       2.01199627       2.01199627      0.845910370    
   74.8004379       2.03202868       2.03202868       2.54775238    
   74.9004364       2.02391124       2.02391124      0.681564748    
   75.3004456       2.01583600       2.01583600      0.284203738    
   75.4004440       2.02301741       2.02301741      0.151811883    
   75.7004471       2.02441931       2.02441931       1.20576298    
   75.8004456       2.02147007       2.02147007       1.02187121    
   75.9004440       2.01123595       2.01123595      0.154280141    
   76.2004471       2.02096629       2.02096629      0.143375397    
   76.3004532       2.02815104       2.02815104      0.211877167    
   76.7004547       2.01335478       2.01335478       2.02826834    
   76.8004532       2.01372385       2.01372385      0.463366032    
   77.2004547       2.02669120       2.02669120      0.442034364    
   77.3004608       2.02645040       2.02645040      0.716705501    
   77.6004562       2.01310611       2.01310611       3.40410399    
   77.7004623       2.01623678       2.01623678       2.62088346    
   78.2004623       2.01709747       2.01709747      0.798415959    
   78.4004669       2.01306462       2.01306462       1.80434406    
   78.6004639       2.02212834       2.02212834       3.50799489    
   79.1004715       2.01371312       2.01371312      0.907673419    
   79.3004761       2.01661325       2.01661325       1.72100902    
   79.4004745       2.02015281       2.02015281      0.679492116    
   79.5004730       2.02743220       2.02743220       1.71464038    
   79.6004715       2.03057098       2.03057098       2.24927425    
   80.1004791       2.01337147       2.01337147      0.298644692    
   80.3004837       2.02914786       2.02914786       1.45056570    
   80.4004822       2.02726650       2.02726650      0.126643240    
   80.5004807       2.02762318       2.02762318       2.29040861    
   81.2004852       2.02714443       2.02714443       1.13960445    
   81.3004913       2.02805948       2.02805948      0.777955711    
   81.4004898       2.01947927       2.01947927      0.795366585    
   81.7004929       2.01120257       2.01120257      0.526964009    
   81.8004913       2.01990986       2.01990986      0.889945507    
   82.0004959       2.02638245       2.02638245      0.807800889    
   82.1004944       2.02590084       2.02590084       1.20111454    
   82.2004929       2.02144074       2.02144074       3.04561734    
   82.3004990       2.01526928       2.01526928       1.03710341    
   82.4004974       2.01178908       2.01178908       2.11749983    
   82.7005005       2.02194929       2.02194929      0.930401504    
   83.0005035       2.01906466       2.01906466       1.44096315    
   83.1005020       2.01531219       2.01531219       1.80230451    
   83.2005005       2.01312280       2.01312280       2.65559459    
   83.3005066       2.01217437       2.01217437      0.814341426    
   83.6005020       2.02745152       2.02745152      0.892145872    
   83.7005081       2.02466178       2.02466178      0.729779065    
   84.1005096       2.01359916       2.01359916       1.55659366    
   84.2005081       2.01783681       2.01783681       1.09072077    
   84.6005096       2.02095938       2.02095938      0.279984325    
   84.7005157       2.01516986       2.01516986      0.173538953    
   85.0005188       2.01536155       2.01536155       1.11555338    
   85.1005173       2.02530408       2.02530408       1.41369343    
   85.2005157       2.02613378       2.02613378      0.277184606    
   85.6005173       2.01105666       2.01105666      0.303059518    
   86.0005264       2.02516031       2.02516031       2.12112570    
   86.1005249       2.02865195       2.02865195       1.14679289    
   86.5005264       2.01029897       2.01029897      0.600299478    
   86.6005249       2.01567292       2.01567292      0.851766407    
   87.0005341       2.02180052       2.02180052       3.54867077    
   87.5005341       2.01921248       2.01921248      0.851687431    
   87.8005371       2.02119946       2.02119946      0.715481758    
   88.0005417       2.01304412       2.01304412       2.92024636    
   88.6005402       2.02301145       2.02301145      0.579206467    
   88.7005463       2.01863122       2.01863122       1.19984567    
   88.8005447       2.01079917       2.01079917      0.185572714    
   88.9005432       2.01290941       2.01290941       2.34584165    
   89.4005508       2.02275562       2.02275562      0.239940315    
   89.5005493       2.01522875       2.01522875      0.298107982    
   89.6005478       2.01393628       2.01393628       1.10462892    
   89.7005539       2.01198196       2.01198196      0.283335447    
   89.8005524       2.01419091       2.01419091       1.31282175    
   90.5005569       2.01007867       2.01007867      0.968048394    
   90.6005554       2.01667857       2.01667857       1.83336759    
   90.7005615       2.01943326       2.01943326      0.675247967    
   90.8005600       2.02517962       2.02517962       3.42004085    
   91.0005646       2.02202749       2.02202749      0.626228929    
   91.1005630       2.01642394       2.01642394       1.18161345    
   91.3005676       2.01059389       2.01059389       1.25103700    
   91.4005661       2.01311159       2.01311159       1.05391443    
   91.5005646       2.01867890       2.01867890       2.31399035    
   91.6005630       2.02509189       2.02509189       1.58306825    
   91.7005692       2.02514386       2.02514386       1.03975046    
   92.0005722       2.01139736       2.01139736      0.862940311    
   92.1005707       2.01093459       2.01093459       1.45258093    
   92.3005753       2.01721978       2.01721978       1.47118628    
   92.4005737       2.02309680       2.02309680       1.35748589    
   92.5005722       2.02662897       2.02662897       2.93952775    
   92.6005707       2.02287674       2.02287674      0.940945148    
   93.0005798       2.01161504       2.01161504      0.496473342    
   93.1005783       2.01869965       2.01869965      0.543112755    
   93.4005814       2.02307200       2.02307200      0.934802532    
   93.5005798       2.02030253       2.02030253       1.70211458    
   93.6005783       2.01192379       2.01192379      0.219860286    
   93.9005814       2.01770544       2.01770544      0.299530476    
   94.0005875       2.02185249       2.02185249      0.221249670    
   94.3005905       2.01697898       2.01697898       1.07532179    
   94.4005890       2.01377249       2.01377249       1.49435401    
   94.5005875       2.01218605       2.01218605      0.513153076    
   94.9005890       2.02399206       2.02399206      0.293310940    
   95.0005951       2.02345562       2.02345562      0.622494042    
   95.3005981       2.00976515       2.00976515       2.16088271    
   95.4005966       2.01395679       2.01395679       2.79030132    
   95.9005966       2.01754045       2.01754045      0.761454165    
   96.3006058       2.01571941       2.01571941       3.13762069    
   96.4006042       2.02332830       2.02332830       2.50096822    
   96.8006058       2.01299763       2.01299763       1.12998283    
   97.1006088       2.01567125       2.01567125      0.909969807    
   97.3006134       2.02438569       2.02438569       2.72268295    
   97.8006134       2.01018834       2.01018834      0.525037110    
   97.9006119       2.01499462       2.01499462      0.342858404    
   98.1006165       2.02274370       2.02274370      0.116799392    
   98.2006149       2.02531815       2.02531815       2.49181366    
   98.4006195       2.01397300       2.01397300      0.368537009    
   98.8006210       2.01884031       2.01884031      0.246561646    
   98.9006195       2.02350926       2.02350926      0.607105374    
   99.0006256       2.02590942       2.02590942      0.765954435    
   99.1006241       2.01806378       2.01806378      0.432385445    
   99.2006226       2.01569796       2.01569796       2.56290150    
   99.4006271       2.00989890       2.00989890      0.394281626    
   99.8006287       2.02230215       2.02230215      0.821449637    
   99.9006271       2.02061248       2.02061248       2.55656695    
