 wavelength_nm:          910 crefin: {    1.33000004       0.00000000      }
 r qext qsca p180
  0.100000001       2.38591377E-02   2.38591377E-02   1.20179653    
  0.200000003      0.258015633      0.258015633      0.421954453    
  0.300000012      0.789706826      0.789706826       9.38700065E-02
  0.400000006       1.46390462       1.46390462      0.119795918    
  0.500000000       2.23070002       2.23070002      0.163204297    
  0.600000024       2.94252229       2.94252229       5.77050820E-02
  0.700000048       3.51114988       3.51114988      0.143391266    
  0.800000072       3.84010410       3.84010410       9.98027623E-02
  0.900000095       3.89250207       3.89250207       5.67497462E-02
   1.00000012       3.77809048       3.77809048       9.28413197E-02
   1.10000002       3.55976725       3.55976725       2.68149637E-02
   1.20000005       3.22778797       3.22778797       1.04393652E-02
   1.29999995       2.78950143       2.78950143      0.100828953    
   1.39999998       2.28310823       2.28310823      0.118836075    
   1.49999988       1.88506091       1.88506091       7.86202252E-02
   1.59999990       1.73591459       1.73591459      0.426166624    
   1.69999993       1.78691781       1.78691781      0.863298416    
   1.79999983       1.93442655       1.93442655       1.09917796    
   1.89999986       2.10143328       2.10143328       1.59902680    
   1.99999976       2.19133377       2.19133377      0.622265577    
   2.09999990       2.37800312       2.37800312      0.373390347    
   2.19999981       2.65154719       2.65154719      0.634571075    
   2.29999995       2.85865283       2.85865283      0.890577018    
   2.40000010       2.85249448       2.85249448       1.54651666    
   2.50000024       2.81174302       2.81174302       1.84571147    
   2.60000014       2.51923323       2.51923323      0.464163452    
   2.70000029       2.27474141       2.27474141       4.48425598E-02
   2.80000043       2.15808415       2.15808415      0.254451215    
   2.90000057       2.13232040       2.13232040      0.997869849    
   3.00000048       1.92865241       1.92865241       1.43443954    
   3.10000062       1.87973380       1.87973380       1.20423472    
   3.20000076       2.00734806       2.00734806       1.28809512    
   3.30000091       1.98213828       1.98213828       9.23425239E-03
   3.40000081       2.16094589       2.16094589      0.147602871    
   3.70000100       2.49185467       2.49185467      0.334470451    
   3.80000114       2.48081303       2.48081303      0.467863858    
   4.00000095       2.35681796       2.35681796      0.149400786    
   4.10000086       2.26269054       2.26269054      0.248388007    
   4.40000010       1.90765166       1.90765166      0.174480006    
   4.50000000       1.90683126       1.90683126       2.72726920E-02
   4.69999981       2.09837031       2.09837031      0.347385705    
   4.79999971       2.21643424       2.21643424      0.259631932    
   5.09999943       2.36020350       2.36020350       7.56705850E-02
   5.19999933       2.39551854       2.39551854      0.331117660    
   5.29999876       2.38857722       2.38857722      0.869788885    
   5.49999857       2.21675491       2.21675491       1.45506871    
   5.59999847       2.04971337       2.04971337       9.97533575E-02
   5.79999828       1.97041464       1.97041464      0.457145870    
   5.89999819       2.02179670       2.02179670      0.938674212    
   5.99999809       2.03358388       2.03358388       2.05060887    
   6.09999800       2.10371828       2.10371828       2.48438740    
   6.19999743       2.13978958       2.13978958      0.591536164    
   6.29999733       2.20873570       2.20873570      0.142817959    
   6.39999723       2.28904700       2.28904700       3.54973832E-03
   6.49999714       2.36504221       2.36504221      0.144964993    
   6.59999704       2.35202241       2.35202241       1.01982975    
   6.69999695       2.25767493       2.25767493      0.425275713    
   6.89999676       2.11425209       2.11425209       3.28847840E-02
   7.09999609       2.03181171       2.03181171       1.17689501E-02
   7.29999590       1.97072411       1.97072411      0.312562704    
   7.39999580       1.99832070       1.99832070      0.765656233    
   7.59999561       2.15499330       2.15499330      0.349139601    
   7.69999599       2.24010921       2.24010921      0.755315006    
   7.99999523       2.23185968       2.23185968      0.241387948    
   8.09999561       2.21074104       2.21074104      0.135150984    
   8.29999542       2.14081836       2.14081836      0.868476868    
   8.39999485       2.08225727       2.08225727       1.20913506    
   8.69999409       1.98651314       1.98651314       1.46988956E-02
   8.79999447       2.05139852       2.05139852      0.314102799    
   8.99999428       2.15680957       2.15680957       1.51675677    
   9.39999294       2.24057055       2.24057055      0.307834625    
   9.49999332       2.24467707       2.24467707       1.05764222    
   9.69999313       2.10412908       2.10412908       2.89703250    
   9.79999256       2.01774216       2.01774216      0.342234045    
   9.89999294       2.00247121       2.00247121      0.348635107    
   10.1999922       2.04407620       2.04407620      0.888201952    
   10.2999916       2.06498671       2.06498671      0.324580073    
   10.3999920       2.13406706       2.13406706      0.778954864    
   10.4999914       2.18323302       2.18323302       8.16334561E-02
   10.5999918       2.22592354       2.22592354       9.75524783E-02
   10.8999910       2.13547921       2.13547921       6.46052882E-02
   10.9999914       2.10727310       2.10727310      0.716616213    
   11.0999908       2.07523036       2.07523036      0.173939422    
   11.1999903       2.05156279       2.05156279      0.632549882    
   11.2999907       2.02711868       2.02711868       1.34745705    
   11.5999899       2.04022837       2.04022837      0.311248213    
   11.7999897       2.15928555       2.15928555      0.793787360    
   11.9999895       2.20757890       2.20757890       2.31128621    
   12.1999893       2.16527438       2.16527438       2.94392798E-02
   12.2999887       2.14412379       2.14412379       4.12675552E-02
   12.4999886       2.07392788       2.07392788      0.940914512    
   12.5999889       2.02438855       2.02438855       1.74047852    
   12.6999884       1.99793923       1.99793923      0.169165924    
   12.8999882       2.02901149       2.02901149       7.38193393E-02
   12.9999876       2.07276225       2.07276225       8.50407928E-02
   13.1999874       2.11634660       2.11634660       1.15428376    
   13.3999872       2.17113256       2.17113256      0.257581025    
   13.5999870       2.16868544       2.16868544      0.330846459    
   13.7999868       2.06932974       2.06932974      0.544321418    
   13.8999863       2.03916264       2.03916264      0.621574700    
   13.9999866       2.01732755       2.01732755      0.411561161    
   14.0999861       2.01540184       2.01540184      0.262581617    
   14.1999865       2.02793145       2.02793145      0.891900599    
   14.4999857       2.08296990       2.08296990       3.79417613E-02
   14.6999855       2.16254473       2.16254473       7.52235726E-02
   14.7999849       2.18257928       2.18257928      0.963903129    
   14.8999853       2.17214775       2.17214775       1.21348643    
   15.0999851       2.09357238       2.09357238      0.157882899    
   15.1999846       2.06784725       2.06784725      0.152998343    
   15.3999863       2.04578781       2.04578781       1.82483566    
   15.4999866       2.00805426       2.00805426       2.10693884    
   15.5999880       2.01382160       2.01382160       1.06520951    
   15.7999897       2.06306362       2.06306362      0.171347693    
   15.8999901       2.10944366       2.10944366      0.193452045    
   16.0999908       2.13649869       2.13649869      0.947784603    
   16.1999931       2.16856050       2.16856050       3.13279343    
   16.2999935       2.13356423       2.13356423      0.111155808    
   16.4999943       2.10731745       2.10731745      0.197081402    
   16.7999973       2.00172544       2.00172544      0.572096884    
   16.8999977       2.00512767       2.00512767       5.40664196E-02
   16.9999981       2.02512336       2.02512336      0.226898387    
   17.2000008       2.08413315       2.08413315      0.660444736    
   17.6000023       2.14922214       2.14922214      0.340879261    
   17.7000046       2.14859581       2.14859581      0.833192468    
   17.8000050       2.11771059       2.11771059       2.40785170    
   18.0000057       2.04057097       2.04057097      0.137417153    
   18.3000088       2.03127551       2.03127551      0.163760215    
   18.4000092       2.02233362       2.02233362       1.69314635    
   18.7000122       2.09768796       2.09768796       5.63759841E-02
   18.8000126       2.12812018       2.12812018       3.67238955E-03
   18.9000130       2.14674592       2.14674592       7.54903927E-02
   19.0000134       2.13137579       2.13137579       1.52839339    
   19.1000137       2.12129188       2.12129188       1.73538077    
   19.2000160       2.09285903       2.09285903      0.116719097    
   19.4000168       2.05398679       2.05398679      0.424484938    
   19.5000172       2.03732967       2.03732967      0.170011833    
   19.7000198       2.00313616       2.00313616      0.966713309    
   19.8000202       2.02697587       2.02697587      0.591974199    
   19.9000206       2.05027032       2.05027032      0.170082450    
   20.0000210       2.08067751       2.08067751      0.649261713    
   20.1000214       2.10732198       2.10732198      0.938795686    
   20.3000240       2.11498332       2.11498332      0.219428778    
   20.5000248       2.11242557       2.11242557       4.87790331E-02
   20.6000252       2.09719753       2.09719753      0.308861762    
   21.0000286       2.01022077       2.01022077       9.72590819E-02
   21.2000313       2.03922486       2.03922486      0.412828147    
   21.3000317       2.05807185       2.05807185       1.76466453    
   21.4000320       2.08727193       2.08727193       2.40614629    
   21.6000328       2.10897493       2.10897493      0.286327928    
   21.7000351       2.12072563       2.12072563      0.337817013    
   21.8000355       2.12473869       2.12473869       3.39135192E-02
   21.9000359       2.11526918       2.11526918       1.30477989    
   22.0000362       2.07744575       2.07744575       1.97728252    
   22.3000393       2.02180052       2.02180052      0.150605872    
   22.6000404       2.02475142       2.02475142      0.391021639    
   22.7000427       2.06010461       2.06010461       1.30945909    
   22.9000435       2.10037804       2.10037804      0.169095427    
   23.0000439       2.12037134       2.12037134      0.609107673    
   23.2000465       2.09897232       2.09897232      0.457476616    
   23.3000469       2.08706856       2.08706856       1.05699873    
   23.4000473       2.06973004       2.06973004      0.118498735    
   23.6000481       2.04111528       2.04111528       1.84037161    
   23.9000511       2.01331019       2.01331019      0.352116168    
   24.1000519       2.06562781       2.06562781       5.35940789E-02
   24.3000546       2.10056925       2.10056925       2.08506107    
   24.6000557       2.10157108       2.10157108       2.03684215E-02
   24.7000580       2.09534979       2.09534979       1.99155994E-02
   24.8000584       2.07871127       2.07871127      0.953707933    
   25.2000618       2.01907682       2.01907682      0.329557031    
   25.5000629       2.05014324       2.05014324       1.63682091    
   25.8000660       2.10800457       2.10800457      0.407350451    
   26.2000694       2.05147457       2.05147457      0.307266265    
   26.5000706       2.02387881       2.02387881      0.462524951    
   26.6000710       2.02386379       2.02386379       1.36672640    
   26.8000736       2.03617263       2.03617263       6.98937178E-02
   27.0000744       2.08580279       2.08580279       3.39869931E-02
   27.2000771       2.09902453       2.09902453       1.98317337    
   27.4000778       2.08344364       2.08344364      0.365730196    
   27.5000782       2.07220697       2.07220697      0.352684379    
   27.6000786       2.05813527       2.05813527      0.294737697    
   27.7000809       2.04087949       2.04087949      0.317354053    
   27.8000813       2.01768827       2.01768827       1.85376441    
   27.9000816       2.02168632       2.02168632       2.20672226    
   28.1000824       2.02986050       2.02986050      0.109085672    
   28.3000851       2.06854177       2.06854177      0.147107735    
   28.4000854       2.07956195       2.07956195      0.717051387    
   28.5000858       2.09558845       2.09558845       1.75112116    
   28.8000889       2.08446407       2.08446407      0.456052929    
   29.1000900       2.02598643       2.02598643      0.723810554    
   29.2000923       2.01874280       2.01874280      0.105698191    
   29.4000931       2.02401447       2.02401447       1.06081223    
   29.5000935       2.03792906       2.03792906       1.56901455    
   29.7000961       2.05933571       2.05933571      0.415026307    
   29.9000969       2.09117198       2.09117198      0.219791949    
   30.1000977       2.09059501       2.09059501       2.02601051    
   30.4001007       2.03867650       2.03867650      0.137601614    
   30.5001011       2.02988291       2.02988291      0.190205276    
   30.6001015       2.02497077       2.02497077      0.147877857    
   30.7001019       2.02084351       2.02084351       1.41188610    
   30.8001041       2.03207350       2.03207350       1.57807970    
   31.0001049       2.04653549       2.04653549      0.254065067    
   31.2001057       2.08842611       2.08842611       8.30893591E-02
   31.4001083       2.08543372       2.08543372       1.47898996    
   31.7001095       2.05793333       2.05793333      0.593346715    
   32.0001144       2.00963187       2.00963187      0.746414423    
   32.1001129       2.01583290       2.01583290       1.07910514    
   32.4001160       2.05862021       2.05862021       1.02901268    
   32.6001167       2.07167673       2.07167673      0.270858496    
   32.7001190       2.08374429       2.08374429      0.558871746    
   32.8001175       2.08744836       2.08744836       9.69009250E-02
   33.3001213       2.01942873       2.01942873      0.253828883    
   33.4001236       2.02068710       2.02068710      0.562830746    
   33.5001259       2.02522802       2.02522802       2.78473739E-02
   33.6001244       2.03148079       2.03148079       1.55924535    
   33.7001266       2.04031038       2.04031038       3.23228669    
   33.9001274       2.06677127       2.06677127      0.205932826    
   34.0001297       2.08238101       2.08238101      0.439718813    
   34.1001282       2.09094310       2.09094310      0.386006087    
   34.3001289       2.06643605       2.06643605       1.24843526    
   34.6001320       2.03409338       2.03409338      0.168018028    
   35.2001381       2.05822992       2.05822992      0.390151143    
   35.3001366       2.07171226       2.07171226       1.29526567    
   35.4001389       2.07923484       2.07923484      0.303527236    
   35.6001396       2.07629561       2.07629561      0.912411630    
   35.7001419       2.07006955       2.07006955      0.222088546    
   35.9001427       2.04368114       2.04368114       1.68782341    
   36.2001457       2.01478076       2.01478076      0.212276831    
   36.4001465       2.03336239       2.03336239      0.192104831    
   36.5001488       2.04629374       2.04629374      0.786217928    
   36.6001472       2.05677056       2.05677056       1.42655206    
   36.8001480       2.07521391       2.07521391      0.114077717    
   36.9001503       2.07805610       2.07805610      0.132869586    
   37.0001526       2.07789826       2.07789826      0.192765668    
   37.2001534       2.04831505       2.04831505       1.41263628    
   37.3001518       2.03858471       2.03858471      0.511407733    
   37.5001564       2.01728892       2.01728892      0.525110960    
   37.7001572       2.02458572       2.02458572      0.246566206    
   37.9001579       2.05097175       2.05097175       2.64677382    
   38.1001587       2.06915927       2.06915927      0.136132136    
   38.2001610       2.07882166       2.07882166      0.729875624    
   38.3001595       2.08298039       2.08298039       1.68260193    
   38.5001640       2.05570364       2.05570364      0.132744566    
   38.6001625       2.04457688       2.04457688      0.317023516    
   38.8001633       2.02755976       2.02755976      0.529063523    
   39.1001663       2.01829624       2.01829624      0.199681476    
   39.3001671       2.05064631       2.05064631       1.94345377E-02
   39.4001694       2.06340027       2.06340027      0.563574195    
   39.5001717       2.06939387       2.06939387       2.28851724    
   39.8001709       2.06505585       2.06505585      0.513017535    
   39.9001732       2.06096435       2.06096435      0.832331121    
   40.2001762       2.02618766       2.02618766       2.87886500    
   40.4001770       2.01818967       2.01818967       3.87902409E-02
   40.6001778       2.04110742       2.04110742      0.513627827    
   40.8001785       2.05691361       2.05691361       1.15202403    
   41.1001816       2.07455659       2.07455659      0.831511080    
   41.2001839       2.06925654       2.06925654      0.726608872    
   41.4001846       2.03376198       2.03376198      0.895267487    
   41.5001869       2.02726221       2.02726221      0.353472769    
   41.7001877       2.01982808       2.01982808      0.823170364    
   42.0001907       2.03325033       2.03325033      0.367709160    
   42.2001915       2.06530619       2.06530619      0.446848363    
   42.4001923       2.06978512       2.06978512       1.42316747    
   42.7001953       2.04860258       2.04860258      0.132438809    
   42.8001938       2.03984427       2.03984427      0.266724795    
   43.0001945       2.02028012       2.02028012       1.83331549    
   43.1001968       2.02182674       2.02182674       1.91363657    
   43.3001976       2.02927017       2.02927017      0.356096834    
   43.5001984       2.05487967       2.05487967      0.516666889    
   43.7002029       2.06456971       2.06456971       1.28218210    
   44.0002022       2.05639648       2.05639648      0.409311742    
   44.3002052       2.02076697       2.02076697      0.413733304    
   44.4002075       2.02027774       2.02027774       1.36113727    
   44.6002083       2.02088022       2.02088022      0.138739437    
   45.0002098       2.06061268       2.06061268      0.628319025    
   45.1002121       2.06718969       2.06718969      0.152043626    
   45.3002129       2.06439877       2.06439877       1.88549745    
   45.6002159       2.02822447       2.02822447      0.320084780    
   45.7002182       2.02162766       2.02162766       1.02026582    
   45.9002190       2.02234530       2.02234530       1.04100454    
   46.0002174       2.02452588       2.02452588       2.96078300    
   46.2002220       2.04074597       2.04074597       2.09147129E-02
   46.3002205       2.05288434       2.05288434      0.461290002    
   46.4002228       2.06663990       2.06663990      0.786540329    
   46.6002235       2.06185412       2.06185412      0.777944326    
   46.7002258       2.05594230       2.05594230      0.563399971    
   46.9002266       2.03813457       2.03813457      0.467050463    
   47.0002251       2.03265262       2.03265262      0.959107578    
   47.2002296       2.01385021       2.01385021      0.874354303    
   47.5002289       2.03456521       2.03456521      0.404361933    
   47.6002312       2.04837155       2.04837155       1.81523609    
   47.7002335       2.05743814       2.05743814      0.832019746    
   47.9002342       2.06024003       2.06024003      0.731785715    
   48.0002327       2.06237483       2.06237483      0.471147925    
   48.2002373       2.05072784       2.05072784       1.16111147    
   48.7002411       2.02459502       2.02459502      0.481690317    
   48.8002396       2.02771997       2.02771997      0.847683728    
   48.9002419       2.03233647       2.03233647      0.993101597    
   49.2002449       2.06199288       2.06199288      0.429645866    
   49.3002434       2.06825328       2.06825328      0.724340141    
   49.5002441       2.04875255       2.04875255       1.35335398    
   49.6002464       2.04244208       2.04244208      0.862213790    
   49.8002472       2.02512908       2.02512908      0.421036869    
   50.0002480       2.01613903       2.01613903      0.738317490    
   50.2002525       2.02791977       2.02791977       1.75947011    
   50.4002533       2.04911447       2.04911447       2.07270514E-02
   50.5002518       2.05732870       2.05732870      0.593815386    
   50.6002541       2.06365561       2.06365561       2.04201603    
   50.8002548       2.05558753       2.05558753      0.199893400    
   50.9002571       2.05107188       2.05107188      0.366324872    
   51.1002579       2.03062963       2.03062963      0.786140323    
   51.6002617       2.03172326       2.03172326      0.303794533    
   51.7002640       2.03637624       2.03637624      0.239342555    
   51.8002625       2.04560375       2.04560375       2.21584249    
   51.9002647       2.05432558       2.05432558      0.613550067    
   52.1002655       2.05893707       2.05893707      0.397109956    
   52.2002678       2.05694461       2.05694461       1.16216290    
   52.4002686       2.03782392       2.03782392       1.08728743    
   52.5002670       2.03530908       2.03530908       3.08392453    
   52.7002716       2.01583457       2.01583457      0.125200614    
   52.9002724       2.02449441       2.02449441      0.636915982    
   53.1002731       2.03889775       2.03889775       1.10731483    
   53.4002762       2.05908275       2.05908275       1.19665241    
   53.5002747       2.06221151       2.06221151       1.39463699    
   53.7002792       2.04243445       2.04243445      0.863839328    
   53.8002777       2.03307772       2.03307772      0.694764853    
   54.0002785       2.01880717       2.01880717      0.519967735    
   54.5002823       2.04278684       2.04278684      0.634717345    
   54.7002869       2.05749559       2.05749559       1.18434417    
   54.8002853       2.05950165       2.05950165       1.04646266    
   55.0002861       2.04760361       2.04760361      0.214693964    
   55.1002884       2.04350019       2.04350019      0.449811071    
   55.4002914       2.02063942       2.02063942       2.33972168    
   55.6002922       2.01774788       2.01774788      0.310368329    
   55.8002930       2.03857207       2.03857207       1.33603954    
   56.0002937       2.04633260       2.04633260      0.887869477    
   56.3002968       2.05533767       2.05533767      0.269166827    
   56.4002991       2.05135989       2.05135989       2.34278131    
   56.6002998       2.02599788       2.02599788      0.145048961    
   56.9003029       2.01703668       2.01703668      0.304431409    
   57.1003036       2.02335668       2.02335668      0.689790308    
   57.3003044       2.04193258       2.04193258      0.858515501    
   57.4003067       2.05381250       2.05381250      0.360337973    
   57.6003075       2.05757594       2.05757594       2.07102489    
   57.7003098       2.05532503       2.05532503       2.75972962    
   57.9003105       2.03642249       2.03642249      0.265440613    
   58.0003090       2.03007197       2.03007197       1.38299513    
   58.3003120       2.01430488       2.01430488       2.01441479    
   58.5003128       2.02895904       2.02895904       3.19215693E-02
   58.6003151       2.03671670       2.03671670      0.528804481    
   58.7003174       2.04737973       2.04737973       1.13058090    
   58.9003181       2.05131435       2.05131435      0.649926007    
   59.2003212       2.04196882       2.04196882      0.743413687    
   59.3003197       2.03497577       2.03497577       1.45285094    
   59.4003220       2.02255630       2.02255630      0.220837906    
   59.5003204       2.01836038       2.01836038       1.04132569    
   59.8003235       2.02022004       2.02022004      0.196705237    
   60.0003242       2.03858542       2.03858542       1.32787883    
   60.2003288       2.05048180       2.05048180      0.506914198    
   60.3003273       2.05427122       2.05427122      0.707450807    
   60.5003281       2.04934120       2.04934120      0.783810556    
   60.8003311       2.02358961       2.02358961      0.182350695    
   61.1003342       2.01694345       2.01694345      0.994249046    
   61.2003365       2.02157974       2.02157974      0.998005688    
   61.5003357       2.04363561       2.04363561      0.603319585    
   61.6003380       2.05338717       2.05338717       1.49608862    
   61.8003387       2.05055070       2.05055070       1.22259152    
   62.3003426       2.01833344       2.01833344       1.08651376    
   62.5003433       2.01705694       2.01705694       1.10296571    
   62.7003479       2.03127885       2.03127885      0.160020933    
   62.8003464       2.04226446       2.04226446      0.757672489    
   62.9003487       2.05171323       2.05171323       2.02584052    
   63.1003494       2.04901099       2.04901099      0.338618875    
   63.2003517       2.04777765       2.04777765      0.486065060    
   63.4003525       2.03742743       2.03742743       1.00655818    
   63.7003555       2.01455808       2.01455808      0.205441415    
   63.9003563       2.02319717       2.02319717      0.791502953    
   64.0003586       2.02430344       2.02430344      0.132272676    
   64.1003571       2.03109837       2.03109837       1.92392099    
   64.2003555       2.03721547       2.03721547      0.885493100    
   64.4003601       2.04971576       2.04971576      0.245481625    
   64.5003586       2.05454326       2.05454326       1.15053403    
   64.7003632       2.04152417       2.04152417       1.06344259    
   65.2003632       2.01841092       2.01841092      0.659859240    
   65.4003677       2.02315116       2.02315116       1.06839883    
   65.5003662       2.03366256       2.03366256      0.215618879    
   65.7003708       2.04843640       2.04843640       1.35372722    
   65.8003693       2.05197096       2.05197096       2.32477617    
   66.0003738       2.04382300       2.04382300      0.565213084    
   66.1003723       2.03943014       2.03943014      0.809707046    
   66.3003769       2.02247858       2.02247858      0.341244400    
   66.7003784       2.02138519       2.02138519      0.441937745    
   66.8003769       2.03034329       2.03034329      0.741156340    
   67.0003815       2.04142642       2.04142642       1.16139352    
   67.1003799       2.04776311       2.04776311      0.927910984    
   67.3003845       2.04812837       2.04812837      0.411378950    
   67.4003830       2.04505610       2.04505610       1.03653514    
   68.1003876       2.02410817       2.02410817       2.40275049    
   68.3003922       2.03513074       2.03513074      0.459589273    
   68.4003906       2.04235101       2.04235101      0.825510442    
   68.6003876       2.04672480       2.04672480      0.241635233    
   68.7003937       2.04759693       2.04759693       2.30154777    
   68.9003906       2.03482413       2.03482413      0.155858323    
   69.2003937       2.01387048       2.01387048      0.379149735    
   69.4003983       2.01727819       2.01727819      0.521038771    
   69.6003952       2.02761340       2.02761340       1.06819677    
   69.7004013       2.03751779       2.03751779      0.887145281    
   69.9003983       2.05107260       2.05107260       1.87600458    
   70.0004044       2.05325961       2.05325961       3.40102911    
   70.2004013       2.03808618       2.03808618      0.147190660    
   70.3004074       2.03271365       2.03271365       1.39626336    
   70.9004059       2.02331519       2.02331519      0.595038414    
   71.0004120       2.03487301       2.03487301       1.25992322    
   71.2004089       2.04171109       2.04171109      0.846885264    
   71.3004150       2.04416704       2.04416704      0.245097682    
   71.5004120       2.04276204       2.04276204      0.761839986    
   71.6004105       2.04054213       2.04054213       1.92854345    
   71.7004166       2.02895856       2.02895856      0.227478042    
   72.1004181       2.01584721       2.01584721      0.160272226    
   72.3004227       2.02584124       2.02584124       1.61425066    
   72.5004196       2.03668904       2.03668904      0.252417207    
   72.8004227       2.04849219       2.04849219      0.966790140    
   72.9004211       2.04262638       2.04262638       1.80575061    
   73.1004257       2.02891207       2.02891207      0.255943954    
   73.5004272       2.01307225       2.01307225       1.16874862    
   73.6004257       2.01751900       2.01751900      0.419730097    
   73.8004303       2.03309083       2.03309083      0.572742045    
   73.9004288       2.04198050       2.04198050       2.30137682    
   74.1004333       2.04395676       2.04395676      0.900625169    
   74.2004318       2.04478478       2.04478478       1.71698892    
   74.4004364       2.03352308       2.03352308       5.98016493E-02
   74.6004333       2.01878858       2.01878858       1.23623765    
   74.8004379       2.01475573       2.01475573      0.725691080    
   75.0004425       2.02129436       2.02129436      0.390741557    
   75.1004410       2.02835321       2.02835321       1.36832964    
   75.2004395       2.03668857       2.03668857       2.20059896    
   75.4004440       2.04423189       2.04423189      0.439432770    
   75.7004471       2.03737164       2.03737164      0.860947549    
   76.0004501       2.02095604       2.02095604       5.83274029E-02
   76.2004471       2.01680064       2.01680064       1.41019142    
   76.3004532       2.01410389       2.01410389      0.208956629    
   76.4004517       2.02133727       2.02133727       1.34217191    
   76.5004501       2.02773643       2.02773643      0.962071955    
   76.7004547       2.03832579       2.03832579      0.344349176    
   76.8004532       2.04482126       2.04482126       1.20358586    
   77.3004608       2.02198243       2.02198243      0.606942296    
   77.5004578       2.01776218       2.01776218      0.880098343    
   77.7004623       2.01664519       2.01664519      0.976837277    
   77.8004608       2.02208328       2.02208328      0.497704208    
   78.0004654       2.03651333       2.03651333       1.05957329    
   78.1004639       2.04397058       2.04397058       2.90864110    
   78.3004684       2.04249120       2.04249120      0.276076585    
   78.6004639       2.02774954       2.02774954      0.322097123    
   78.8004684       2.01529145       2.01529145      0.734616578    
   79.0004730       2.01322603       2.01322603      0.566708148    
   79.1004715       2.02112961       2.02112961       1.06699824    
   79.3004761       2.03197956       2.03197956       1.25081360    
   79.4004745       2.03612804       2.03612804      0.768283844    
   79.6004715       2.04161143       2.04161143      0.481117159    
   79.7004776       2.04507685       2.04507685       1.78974175    
   80.2004776       2.01717973       2.01717973       2.58451253E-02
   80.4004822       2.01961899       2.01961899       3.13366795    
   80.6004791       2.02249980       2.02249980      0.250752330    
   80.7004852       2.03033400       2.03033400      0.745275676    
   80.9004822       2.04154253       2.04154253      0.411019176    
   81.0004883       2.04332733       2.04332733       1.92547429    
   81.2004852       2.03636909       2.03636909      0.309712827    
   81.5004883       2.01816654       2.01816654      0.387553900    
   81.7004929       2.01162243       2.01162243      0.423327297    
   81.9004898       2.01980805       2.01980805      0.949103653    
   82.0004959       2.02896261       2.02896261       1.47536254    
   82.3004990       2.04444432       2.04444432       3.89887547    
   82.5004959       2.04087567       2.04087567       9.88745093E-02
   82.6004944       2.03738356       2.03738356       1.02902520    
   83.2005005       2.01619387       2.01619387      0.824241698    
   83.3005066       2.02230239       2.02230239       1.34304225    
   83.5005035       2.03295374       2.03295374      0.961894274    
   83.6005020       2.03823900       2.03823900      0.393348604    
   83.8005066       2.03887463       2.03887463      0.665817261    
   83.9005051       2.03863597       2.03863597       2.33141327    
   84.0005112       2.03202915       2.03202915      0.384569019    
   84.4005127       2.01203847       2.01203847      0.360401601    
   84.6005096       2.01872611       2.01872611       1.74303770    
   84.8005142       2.02708125       2.02708125      0.130826220    
   84.9005127       2.03420162       2.03420162      0.601937890    
   85.2005157       2.04255056       2.04255056       1.81187081    
   85.4005203       2.03244305       2.03244305      0.342409253    
   85.6005173       2.02347970       2.02347970       1.39194059    
   85.9005203       2.01357007       2.01357007      0.700216591    
   86.1005249       2.02101469       2.02101469      0.470533550    
   86.4005280       2.03930044       2.03930044      0.410068959    
   86.5005264       2.03978825       2.03978825       1.54018390    
   86.7005310       2.03430295       2.03430295      0.195375457    
   86.8005295       2.03376603       2.03376603       1.91330850    
   86.9005280       2.02496099       2.02496099       1.22831285    
   87.1005325       2.01332355       2.01332355      0.760136008    
   87.2005310       2.01468253       2.01468253      0.486798674    
   87.4005356       2.02274036       2.02274036       1.96007526    
   87.5005341       2.02797174       2.02797174       2.64486837    
   87.7005386       2.03357792       2.03357792      0.536311686    
   87.8005371       2.03912401       2.03912401       1.06574738    
   88.1005402       2.03385568       2.03385568       2.47837949    
   88.3005447       2.02398396       2.02398396       4.10360396E-02
   88.5005417       2.01868176       2.01868176       2.06113791    
   88.6005402       2.01236892       2.01236892      0.508494139    
   88.7005463       2.01423621       2.01423621      0.741835952    
   88.8005447       2.01705503       2.01705503      0.666835845    
   89.0005493       2.03022814       2.03022814      0.527114511    
   89.6005478       2.02801394       2.02801394      0.546105564    
   89.8005524       2.01787233       2.01787233       1.16581094    
   90.0005569       2.01301003       2.01301003      0.885805011    
   90.1005554       2.01787996       2.01787996      0.975123584    
   90.3005600       2.02662516       2.02662516      0.640263319    
   90.4005585       2.03181291       2.03181291       2.79069185    
   90.6005554       2.03964853       2.03964853      0.144642875    
   90.7005615       2.03955317       2.03955317      0.518641710    
   90.9005585       2.02954245       2.02954245      0.549707770    
   91.1005630       2.01927853       2.01927853      0.461598486    
   91.3005676       2.01347446       2.01347446      0.667678773    
   91.4005661       2.01584482       2.01584482       1.50052512    
   91.6005630       2.02191973       2.02191973       1.39902985    
   91.7005692       2.02756500       2.02756500      0.840362132    
   91.9005661       2.03501868       2.03501868      0.313585669    
   92.5005722       2.01913142       2.01913142      0.151310533    
   92.7005768       2.01660085       2.01660085       3.31348586    
   92.9005737       2.01779962       2.01779962      0.235987797    
   93.0005798       2.02189565       2.02189565      0.621961236    
   93.2005768       2.03164291       2.03164291      0.820437670    
   93.3005829       2.03716993       2.03716993       1.83123803    
   93.5005798       2.03834891       2.03834891      0.308452427    
   93.8005829       2.02146935       2.02146935      0.295810610    
   94.0005875       2.01421595       2.01421595      0.554600358    
   94.2005844       2.01220417       2.01220417      0.608696640    
   94.3005905       2.01975083       2.01975083       1.76926339    
   94.6005859       2.03752494       2.03752494       4.08456182    
   94.8005905       2.03611851       2.03611851      0.352082491    
   94.9005890       2.03799295       2.03799295      0.844125926    
   95.5005951       2.01444125       2.01444125       1.21966100    
   95.6005936       2.01801991       2.01801991       1.87713361    
   95.8005981       2.02308989       2.02308989      0.771678925    
   95.9005966       2.02770257       2.02770257      0.516846955    
   96.1006012       2.03623724       2.03623724      0.448394805    
   96.2005997       2.03818512       2.03818512       2.38500857    
   96.3006058       2.03282595       2.03282595      0.700229883    
   96.6006012       2.02385926       2.02385926       1.63895047    
   96.7006073       2.01577783       2.01577783      0.536519587    
   97.1006088       2.01899958       2.01899958      0.298523217    
   97.2006073       2.02780747       2.02780747      0.851071000    
   97.5006104       2.03584123       2.03584123       1.90655673    
   97.7006149       2.03550816       2.03550816      0.393737465    
   97.9006119       2.02740645       2.02740645       2.31351066    
   98.2006149       2.01316404       2.01316404      0.885118544    
   98.4006195       2.01581287       2.01581287      0.302602321    
   98.5006180       2.02100992       2.02100992       3.21063185    
   98.7006226       2.03129292       2.03129292      0.127480909    
   99.0006256       2.03380442       2.03380442      0.345183730    
   99.1006241       2.03366566       2.03366566       1.84445643    
   99.2006226       2.02660251       2.02660251      0.948113918    
   99.4006271       2.01827002       2.01827002       1.06215453    
   99.5006256       2.01698303       2.01698303      0.755498648    
