 wavelength_nm:         1064 crefin: {    1.33000004       0.00000000      }
 r qext qsca p180
  0.100000001       1.30131813E-02   1.30131813E-02   1.27877915    
  0.200000003      0.163101226      0.163101226      0.684177339    
  0.300000012      0.500090003      0.500090003       4.32005562E-02
  0.400000006       1.09045970       1.09045970      0.210142031    
  0.500000000       1.69330466       1.69330466       5.69404401E-02
  0.600000024       2.31575346       2.31575346      0.179868549    
  0.700000048       2.93557620       2.93557620       5.79063334E-02
  0.800000072       3.42539406       3.42539406      0.162029415    
  0.900000095       3.70132709       3.70132709       5.85805513E-02
   1.00000012       3.91092515       3.91092515      0.116757303    
   1.10000002       3.98226500       3.98226500       5.25823981E-02
   1.20000005       3.72947884       3.72947884       7.67470226E-02
   1.29999995       3.47750592       3.47750592       3.67179587E-02
   1.39999998       3.24331760       3.24331760       1.29191056E-02
   1.49999988       2.79118085       2.79118085       9.03833508E-02
   1.59999990       2.34511399       2.34511399       2.57812124E-02
   1.69999993       2.16663170       2.16663170      0.226176336    
   1.79999983       1.97297633       1.97297633      0.390362024    
   1.89999986       1.66586924       1.66586924      0.299722642    
   1.99999976       1.74230015       1.74230015      0.811418593    
   2.09999990       1.93440795       1.93440795       1.13458157    
   2.19999981       1.93029881       1.93029881      0.906315267    
   2.29999995       2.09850430       2.09850430      0.456208646    
   2.40000010       2.45363688       2.45363688       1.55361509    
   2.50000024       2.65144873       2.65144873       1.30503976    
   2.60000014       2.59975982       2.59975982      0.408619642    
   2.70000029       2.83228445       2.83228445      0.640999913    
   2.80000043       2.85689640       2.85689640       1.72569335    
   2.90000057       2.69033861       2.69033861      0.461652189    
   3.00000048       2.57420206       2.57420206       6.55873045E-02
   3.10000062       2.54889584       2.54889584       1.37732542    
   3.20000076       2.38501596       2.38501596       1.64153898    
   3.30000091       2.04265904       2.04265904       1.35382526E-02
   3.40000081       2.07004499       2.07004499      0.642953753    
   3.50000095       1.90596747       1.90596747       1.32782662    
   3.60000110       1.90211451       1.90211451      0.610728443    
   3.70000100       1.86877537       1.86877537       7.72148147E-02
   3.90000105       2.06746173       2.06746173      0.829621136    
   4.00000095       2.16346264       2.16346264       1.06102331E-02
   4.10000086       2.35528779       2.35528779      0.137916863    
   4.20000076       2.44710970       2.44710970      0.930479050    
   4.30000067       2.50814724       2.50814724       1.02530825    
   4.40000010       2.50049806       2.50049806      0.128120750    
   4.59999990       2.40933299       2.40933299      0.414520442    
   4.79999971       2.24853325       2.24853325      0.284689009    
   4.99999952       1.98686457       1.98686457      0.163988873    
   5.19999933       1.98284388       1.98284388      0.373333812    
   5.39999866       1.96477509       1.96477509       7.52920145E-03
   5.49999857       2.09723234       2.09723234      0.353938907    
   5.59999847       2.19930744       2.19930744      0.290781468    
   5.69999838       2.20256877       2.20256877       4.53634523E-02
   5.79999828       2.32228899       2.32228899      0.155825168    
   5.89999819       2.42332053       2.42332053      0.714887023    
   5.99999809       2.39185357       2.39185357       9.11171660E-02
   6.09999800       2.35946274       2.35946274      0.130998492    
   6.19999743       2.38333416       2.38333416      0.839358151    
   6.29999733       2.32539916       2.32539916       1.33156681    
   6.39999723       2.16111708       2.16111708       9.82387438E-02
   6.49999714       2.12183809       2.12183809      0.362510353    
   6.59999704       2.08708787       2.08708787       2.19998360    
   6.69999695       2.00377631       2.00377631      0.858664393    
   6.79999685       1.94261956       1.94261956      0.249542043    
   6.89999676       2.01882148       2.01882148      0.858075440    
   6.99999666       2.01584888       2.01584888       2.59941816    
   7.09999609       2.02296615       2.02296615      0.148015261    
   7.19999599       2.12237382       2.12237382       6.38811067E-02
   7.29999590       2.23386002       2.23386002       1.43184233    
   7.39999580       2.30251145       2.30251145       2.32450104    
   7.49999571       2.27943277       2.27943277       2.55937278E-02
   7.59999561       2.36504889       2.36504889      0.145004794    
   7.69999599       2.30604100       2.30604100      0.676023602    
   7.79999590       2.26726151       2.26726151      0.240100622    
   7.89999580       2.24135137       2.24135137       3.09373345E-03
   8.09999561       2.10314226       2.10314226      0.988692701    
   8.19999504       2.03922272       2.03922272       1.19736791E-02
   8.39999485       1.97411346       1.97411346      0.510731459    
   8.59999466       2.01396465       2.01396465      0.316195220    
   8.79999447       2.06982994       2.06982994      0.547937512    
   8.89999390       2.14960647       2.14960647      0.283525199    
   8.99999428       2.24070716       2.24070716      0.736294270    
   9.19999409       2.24730563       2.24730563      0.406502247    
   9.29999352       2.29098558       2.29098558      0.448290914    
   9.49999332       2.18242097       2.18242097       9.70961079E-02
   9.69999313       2.14358020       2.14358020      0.964312792    
   9.89999294       1.99380994       1.99380994       4.08186726E-02
   10.0999928       2.01931643       2.01931643       1.57228470    
   10.3999920       2.12262607       2.12262607       1.19532382    
   10.4999914       2.13934517       2.13934517      0.783612072    
   10.6999912       2.24781561       2.24781561      0.481757432    
   10.7999916       2.23745179       2.23745179       1.83946085    
   10.8999910       2.21358943       2.21358943       7.49633536E-02
   10.9999914       2.22783732       2.22783732      0.236506969    
   11.0999908       2.24046326       2.24046326       1.56468129    
   11.1999903       2.17764688       2.17764688       2.75911355    
   11.2999907       2.09326077       2.09326077      0.122927867    
   11.3999901       2.08858776       2.08858776      0.163635746    
   11.5999899       1.98435140       1.98435140      0.564132035    
   11.9999895       2.06946397       2.06946397      0.215846866    
   12.1999893       2.13972354       2.13972354      0.205322146    
   12.3999891       2.22331119       2.22331119       6.86415881E-02
   12.5999889       2.17560840       2.17560840      0.109932736    
   12.6999884       2.17990875       2.17990875      0.122490458    
   12.7999887       2.16461515       2.16461515      0.320476532    
   12.9999876       2.05198503       2.05198503      0.672577977    
   13.0999880       2.04800892       2.04800892      0.514443755    
   13.2999878       1.97897232       1.97897232      0.143237188    
   13.4999876       2.05280089       2.05280089       1.39445007    
   13.6999874       2.09223652       2.09223652      0.133803844    
   13.7999868       2.15806603       2.15806603      0.651024938    
   13.8999863       2.17862678       2.17862678       2.02238965    
   14.0999861       2.19898772       2.19898772       6.44038618E-02
   14.1999865       2.20779252       2.20779252       1.20458806    
   14.2999859       2.16561961       2.16561961      0.976301670    
   14.3999863       2.12857723       2.12857723       6.36612475E-02
   14.5999861       2.05627489       2.05627489       1.11956799    
   14.7999849       2.01832771       2.01832771       3.28762131E-03
   14.9999847       2.03482366       2.03482366       1.59652662    
   15.1999846       2.07276249       2.07276249       8.50771442E-02
   15.2999859       2.07586336       2.07586336      0.913521171    
   15.3999863       2.11374354       2.11374354       7.94928297E-02
   15.4999866       2.15686488       2.15686488      0.181637347    
   15.6999884       2.17018032       2.17018032       1.31257653    
   15.7999897       2.16951847       2.16951847      0.439820677    
   15.8999901       2.16964221       2.16964221      0.311367959    
   15.9999905       2.11626291       2.11626291      0.846368253    
   16.0999908       2.09433126       2.09433126      0.592402101    
   16.1999931       2.07268071       2.07268071      0.716974735    
   16.4999943       2.00746918       2.00746918      0.167204380    
   16.8999977       2.09320498       2.09320498      0.323000342    
   17.0999985       2.12161875       2.12161875       5.41464686E-02
   17.3000011       2.17960143       2.17960143       1.15137351    
   17.5000019       2.13680077       2.13680077       6.32726103E-02
   17.6000023       2.13922858       2.13922858      0.575488865    
   17.7000046       2.10498285       2.10498285       1.98274279    
   17.9000053       2.04171205       2.04171205      0.108252719    
   18.0000057       2.03948665       2.03948665       2.35532761    
   18.1000061       2.00600481       2.00600481      0.631927431    
   18.2000084       2.00628400       2.00628400      0.337120950    
   18.4000092       2.04012418       2.04012418       2.48188233    
   18.6000099       2.10646749       2.10646749      0.295115799    
   18.8000126       2.15519094       2.15519094       2.78702283    
   19.0000134       2.16732502       2.16732502      0.162879050    
   19.1000137       2.12387919       2.12387919      0.677204311    
   19.2000160       2.10698247       2.10698247      0.181429371    
   19.3000164       2.10195446       2.10195446      0.192218751    
   19.5000172       2.03234816       2.03234816       1.06589746    
   19.6000175       2.02395844       2.02395844       3.06626335E-02
   19.7000198       2.02910233       2.02910233      0.375020146    
   19.9000206       2.01815772       2.01815772      0.155026823    
   20.2000237       2.07591867       2.07591867      0.499464571    
   20.3000240       2.12029791       2.12029791      0.175321430    
   20.4000244       2.14460993       2.14460993       1.67416906    
   20.7000275       2.14720249       2.14720249      0.593563676    
   20.9000282       2.07750630       2.07750630      0.135925710    
   21.0000286       2.07322168       2.07322168      0.229680464    
   21.1000290       2.04974055       2.04974055       1.74163890    
   21.4000320       2.03021669       2.03021669       6.73811361E-02
   21.5000324       2.02683663       2.02683663       2.31022191    
   21.8000355       2.09118366       2.09118366       1.00891554    
   22.0000362       2.12437487       2.12437487       3.58904116E-02
   22.1000366       2.14634991       2.14634991       3.48341353E-02
   22.2000389       2.12274456       2.12274456       1.23210335    
   22.4000397       2.11726499       2.11726499      0.212574825    
   22.6000404       2.07020378       2.07020378      0.955920279    
   22.8000431       2.03732371       2.03732371      0.171075195    
   22.9000435       2.00165343       2.00165343      0.807867527    
   23.0000439       2.01230526       2.01230526      0.355690897    
   23.1000443       2.02827072       2.02827072      0.591667831    
   23.3000469       2.05774999       2.05774999       1.56169081    
   23.5000477       2.10736012       2.10736012      0.920232952    
   23.6000481       2.10268521       2.10268521      0.252219319    
   23.7000504       2.12443733       2.12443733      0.153129056    
   24.0000515       2.09916019       2.09916019       3.40652317E-02
   24.1000519       2.09088826       2.09088826       4.87102047E-02
   24.2000542       2.07056141       2.07056141      0.867977500    
   24.5000553       2.02688241       2.02688241      0.633979976    
   24.7000580       2.01403093       2.01403093      0.146936387    
   24.8000584       2.03731251       2.03731251      0.129328445    
   25.1000595       2.08964014       2.08964014      0.178472415    
   25.2000618       2.11866093       2.11866093      0.493540615    
   25.3000622       2.12866664       2.12866664       2.50412464    
   25.4000626       2.11452937       2.11452937      0.392139316    
   25.6000633       2.10562634       2.10562634       1.78714252    
   25.8000660       2.06407070       2.06407070      0.320727229    
   25.9000664       2.05686665       2.05686665       3.37543264E-02
   26.0000668       2.02489281       2.02489281       1.31964827    
   26.4000702       2.02854395       2.02854395      0.604597688    
   26.5000706       2.04760623       2.04760623      0.147192255    
   26.7000732       2.07467341       2.07467341      0.499950856    
   26.8000736       2.09631753       2.09631753       1.26834959E-02
   26.9000740       2.11920023       2.11920023      0.547827601    
   27.4000778       2.05396533       2.05396533      0.668515146    
   27.5000782       2.04400015       2.04400015      0.144417807    
   27.6000786       2.04091835       2.04091835       1.42666018    
   27.8000813       2.00794077       2.00794077      0.503511012    
   27.9000816       2.02516890       2.02516890       5.99206984E-02
   28.0000820       2.03435540       2.03435540       2.52797771    
   28.3000851       2.09204459       2.09204459      0.675728679    
   28.5000858       2.09884906       2.09884906       8.17185119E-02
   28.6000862       2.11806917       2.11806917       8.22179094E-02
   28.7000885       2.10486317       2.10486317       1.48550498    
   28.9000893       2.08472204       2.08472204       6.71626776E-02
   29.0000896       2.07725263       2.07725263      0.714075804    
   29.1000900       2.05568910       2.05568910       2.16999221    
   29.2000923       2.02822018       2.02822018      0.123239532    
   29.4000931       2.01155734       2.01155734       1.76859534    
   29.6000938       2.03118253       2.03118253      0.493957251    
   29.8000965       2.05166316       2.05166316       2.29583287    
   30.0000973       2.09798980       2.09798980      0.853734136    
   30.2000980       2.10035801       2.10035801      0.648664474    
   30.3001003       2.10854506       2.10854506      0.305264562    
   30.5001011       2.07072306       2.07072306      0.468415767    
   30.7001019       2.05445862       2.05445862      0.923116624    
   31.1001053       2.02406812       2.02406812       1.31607282    
   31.2001057       2.01684761       2.01684761       5.08178063E-02
   31.3001080       2.04110885       2.04110885       3.25338729E-02
   31.4001083       2.05896235       2.05896235      0.981734335    
   31.6001091       2.08283496       2.08283496      0.305285543    
   31.7001095       2.10113883       2.10113883      0.100949205    
   31.8001118       2.10082030       2.10082030       1.90264070    
   32.3001137       2.04773831       2.04773831      0.218297675    
   32.4001160       2.03962159       2.03962159      0.123326369    
   32.5001183       2.01709414       2.01709414       1.92839956    
   32.7001190       2.02004814       2.02004814      0.230952933    
   32.9001198       2.04270244       2.04270244       2.00345087    
   33.0001221       2.04976726       2.04976726       9.03475061E-02
   33.1001205       2.07119966       2.07119966      0.433798552    
   33.2001228       2.07306504       2.07306504      0.635861158    
   33.4001236       2.09739041       2.09739041      0.113962017    
   33.6001244       2.09286547       2.09286547       1.08058155    
   33.9001274       2.04505086       2.04505086      0.763575256    
   34.0001297       2.03261304       2.03261304       1.94304697E-02
   34.1001282       2.02540827       2.02540827      0.521654248    
   34.3001289       2.01207542       2.01207542      0.519691765    
   34.5001335       2.03728080       2.03728080       1.48626447    
   34.9001350       2.09470439       2.09470439       1.55113471    
   35.0001373       2.08623362       2.08623362      0.371497124    
   35.1001358       2.09372807       2.09372807      0.132441834    
   35.2001381       2.09247684       2.09247684       1.46932697    
   35.4001389       2.06127429       2.06127429      0.135709122    
   35.5001411       2.05430460       2.05430460       3.32590677E-02
   35.6001396       2.04165006       2.04165006       2.03553200    
   35.7001419       2.01884365       2.01884365       9.17417705E-02
   35.8001404       2.02050567       2.02050567      0.221771628    
   36.1001434       2.02804255       2.02804255      0.160222068    
   36.2001457       2.05098629       2.05098629      0.116300091    
   36.3001442       2.05463338       2.05463338       1.45787656    
   36.7001495       2.08833051       2.08833051      0.697745562    
   36.8001480       2.08411431       2.08411431      0.501067698    
   36.9001503       2.08550143       2.08550143      0.454285622    
   37.2001534       2.04094815       2.04094815      0.965803921    
   37.7001572       2.02126026       2.02126026      0.496615618    
   37.8001556       2.03860760       2.03860760      0.348661721    
   37.9001579       2.06034541       2.06034541      0.448304743    
   38.1001587       2.07228231       2.07228231      0.343313992    
   38.3001595       2.09102535       2.09102535       1.27793074    
   38.5001640       2.07551956       2.07551956      0.348273218    
   38.6001625       2.06941199       2.06941199      0.765393615    
   38.8001633       2.03193378       2.03193378      0.370682925    
   38.9001656       2.03212786       2.03212786       4.12415154E-02
   39.0001678       2.02010703       2.02010703       2.37300849    
   39.4001694       2.04366398       2.04366398       3.15905166    
   39.5001717       2.04885244       2.04885244      0.190561727    
   39.6001701       2.07043719       2.07043719      0.724667549    
   39.7001724       2.07583570       2.07583570       1.64670944    
   39.9001732       2.08602381       2.08602381      0.215155080    
   40.0001755       2.08506799       2.08506799      0.281981707    
   40.1001740       2.06974840       2.06974840       1.59653413    
   40.5001793       2.02445602       2.02445602      0.430012137    
   40.6001778       2.02222538       2.02222538       9.66414362E-02
   40.7001801       2.02139425       2.02139425      0.473406613    
   40.8001785       2.01243877       2.01243877      0.514066696    
   41.0001831       2.03963256       2.03963256      0.707227170    
   41.5001869       2.07621908       2.07621908      0.503566682    
   41.6001854       2.08074355       2.08074355      0.243468732    
   41.7001877       2.07531404       2.07531404       1.06333983    
   42.1001892       2.02830696       2.02830696       2.14490438    
   42.3001900       2.01798081       2.01798081      0.399688423    
   42.4001923       2.02113342       2.02113342      0.357783556    
   42.6001930       2.03277588       2.03277588       3.17129083E-02
   42.7001953       2.04917049       2.04917049      0.105906062    
   42.8001938       2.05600476       2.05600476       1.10274601    
   43.2001991       2.08525991       2.08525991       1.35656977    
   43.3001976       2.07029653       2.07029653      0.124126747    
   43.4001999       2.06596375       2.06596375      0.137527257    
   43.5001984       2.04998803       2.04998803       1.53168738    
   43.7002029       2.02744365       2.02744365      0.460510999    
   43.8002014       2.02269864       2.02269864       6.88968152E-02
   43.9002037       2.01951218       2.01951218       2.11255169    
   44.3002052       2.04046082       2.04046082      0.314622313    
   44.4002075       2.05463099       2.05463099      0.432222217    
   44.5002060       2.07000875       2.07000875      0.679980159    
   44.6002083       2.06861711       2.06861711      0.621007025    
   44.8002090       2.07952118       2.07952118      0.992007673    
   45.0002098       2.06118989       2.06118989      0.951905131    
   45.1002121       2.05213475       2.05213475      0.158418983    
   45.3002129       2.02375031       2.02375031      0.220422298    
   45.4002151       2.02162766       2.02162766       5.21759279E-02
   45.5002136       2.02228904       2.02228904       1.17358851    
   45.7002182       2.02078223       2.02078223      0.831148803    
   45.9002190       2.04517269       2.04517269       1.98121095    
   46.0002174       2.04727817       2.04727817      0.505043328    
   46.1002197       2.06397891       2.06397891      0.351784438    
   46.4002228       2.07094121       2.07094121      0.609856546    
   46.5002213       2.07556129       2.07556129      0.121287651    
   46.6002235       2.05910683       2.05910683       2.33887291    
   47.0002251       2.02104425       2.02104425       1.73274910    
   47.1002274       2.01642871       2.01642871      0.116969064    
   47.2002296       2.02486825       2.02486825      0.984268725    
   47.3002281       2.01642990       2.01642990      0.928412020    
   47.5002289       2.04187465       2.04187465      0.378785312    
   47.7002335       2.06518888       2.06518888       2.38181329    
   48.1002350       2.06664371       2.06664371      0.132699549    
   48.2002373       2.06404781       2.06404781      0.803474844    
   48.4002380       2.03600192       2.03600192       1.13372743    
   48.6002388       2.02560329       2.02560329       1.91472793    
   48.8002396       2.01734233       2.01734233      0.805206895    
   48.9002419       2.02303743       2.02303743      0.293847084    
   49.0002403       2.02971363       2.02971363       1.68589401    
   49.2002449       2.05194116       2.05194116      0.491389871    
   49.3002434       2.05892563       2.05892563       1.51202250    
   49.8002472       2.05908370       2.05908370       1.72255952E-02
   49.9002495       2.05537128       2.05537128      0.388094455    
   50.0002480       2.04328585       2.04328585       1.15294886    
   50.2002525       2.02363372       2.02363372      0.231559485    
   50.3002510       2.02009177       2.02009177      0.194308743    
   50.4002533       2.01409340       2.01409340       1.47789395    
   50.9002571       2.05549574       2.05549574      0.273249358    
   51.0002556       2.06627512       2.06627512      0.511344016    
   51.3002586       2.06756902       2.06756902      0.706876397    
   51.6002617       2.04203105       2.04203105       1.63748674E-02
   51.8002625       2.02080464       2.02080464      0.416436970    
   52.0002632       2.01726007       2.01726007      0.317013741    
   52.2002678       2.02476406       2.02476406      0.377079904    
   52.6002693       2.05984044       2.05984044      0.107573040    
   52.7002716       2.06601715       2.06601715      0.659900010    
   52.8002701       2.06829047       2.06829047      0.405258507    
   52.9002724       2.06322646       2.06322646      0.284516990    
   53.1002731       2.05206943       2.05206943       1.97000372    
   53.6002769       2.01462841       2.01462841      0.313619912    
   53.7002792       2.02138400       2.02138400      0.593910873    
   53.8002777       2.02641869       2.02641869       1.89474034    
   54.2002831       2.05991673       2.05991673       1.98360455    
   54.4002838       2.06904125       2.06904125      0.870623529    
   54.7002869       2.05032468       2.05032468      0.260235518    
   54.8002853       2.04665613       2.04665613      0.679472268    
   54.9002876       2.02896118       2.02896118      0.686259151    
   55.3002892       2.01616955       2.01616955      0.681335270    
   55.4002914       2.02349448       2.02349448      0.533423722    
   55.5002899       2.03654289       2.03654289       1.52285326    
   55.6002922       2.03445506       2.03445506      0.816282272    
   55.8002930       2.06030726       2.06030726       1.70173514    
   56.3002968       2.04728866       2.04728866      0.253746629    
   56.4002991       2.04364085       2.04364085      0.743892729    
   56.5002975       2.03677845       2.03677845      0.671481788    
   56.7003021       2.01681566       2.01681566      0.225371331    
   56.9003029       2.01573157       2.01573157       1.47363985    
   57.2003059       2.03835797       2.03835797      0.834039450    
   57.4003067       2.05368781       2.05368781      0.346432537    
   57.5003052       2.06601691       2.06601691      0.492574692    
   57.6003075       2.05969810       2.05969810       1.60254598    
   57.8003082       2.06003451       2.06003451       1.03809547    
   58.0003090       2.04669523       2.04669523       3.26755786    
   58.1003113       2.03544068       2.03544068      0.110318907    
   58.2003136       2.03006148       2.03006148       1.88110304    
   58.5003128       2.01830673       2.01830673      0.444479167    
   58.6003151       2.01983857       2.01983857      0.817038417    
   58.7003174       2.02421904       2.02421904      0.834015667    
   59.1003189       2.05840778       2.05840778      0.467188895    
   59.2003212       2.06165075       2.06165075      0.158277050    
   59.3003197       2.06323314       2.06323314       1.41176379    
   59.4003220       2.05508256       2.05508256      0.179298654    
   59.6003227       2.04430556       2.04430556       1.05518293    
   60.2003288       2.02256989       2.02256989      0.476561248    
   60.3003273       2.02787256       2.02787256       1.41014123    
   60.5003281       2.04225683       2.04225683      0.537948787    
   60.7003326       2.05492544       2.05492544       1.87236345    
   60.9003334       2.06102514       2.06102514      0.955519676    
   61.1003342       2.05037308       2.05037308      0.666949093    
   61.2003365       2.04249167       2.04249167       5.75090982E-02
   61.3003349       2.03772163       2.03772163      0.854827702    
   61.4003372       2.02455378       2.02455378      0.674917042    
   61.8003387       2.02573252       2.02573252       1.75949931    
   61.9003410       2.02448773       2.02448773      0.104182281    
   62.0003395       2.03570390       2.03570390      0.772528350    
   62.1003418       2.03994346       2.03994346      0.883705735    
   62.3003426       2.05415654       2.05415654      0.683634460    
   62.5003433       2.05879164       2.05879164       1.27998126    
   62.9003487       2.03347921       2.03347921      0.525949121    
   63.0003471       2.02667117       2.02667117      0.474574506    
   63.1003494       2.02239633       2.02239633      0.870529115    
   63.2003517       2.01475191       2.01475191      0.534477413    
   63.4003525       2.02100801       2.02100801       1.79427779    
   63.7003555       2.03900933       2.03900933      0.260135680    
   63.8003540       2.05281520       2.05281520       2.64205122    
   63.9003563       2.05076790       2.05076790       8.69317204E-02
   64.0003586       2.05970073       2.05970073      0.517487705    
   64.1003571       2.06194329       2.06194329       1.48305845    
   64.3003616       2.04884982       2.04884982      0.464991510    
   64.5003586       2.03636241       2.03636241       1.91118288    
   64.7003632       2.02451897       2.02451897      0.823095798    
   65.0003662       2.01708484       2.01708484      0.695345938    
   65.1003647       2.02709818       2.02709818      0.552605867    
   65.2003632       2.02623868       2.02623868       1.61914146    
   65.6003723       2.05347252       2.05347252       1.50010538    
   65.7003708       2.05762887       2.05762887      0.115479276    
   65.8003693       2.06019831       2.06019831       2.33771133    
   65.9003677       2.04654646       2.04654646      0.454338729    
   66.5003738       2.01786065       2.01786065       2.02031493    
   66.7003784       2.02316952       2.02316952      0.317034036    
   66.8003769       2.02994061       2.02994061       1.09841549    
   66.9003754       2.03216457       2.03216457      0.438997865    
   67.0003815       2.04162645       2.04162645      0.675691605    
   67.4003830       2.05594587       2.05594587      0.962832212    
   67.5003815       2.04935765       2.04935765      0.341433138    
   67.6003876       2.04361272       2.04361272       1.44333005    
   67.7003860       2.03632879       2.03632879      0.233220518    
   67.8003845       2.03346038       2.03346038       1.14419711    
   67.9003830       2.02077723       2.02077723       1.60167623    
   68.4003906       2.02896309       2.02896309       3.19691114E-02
   68.5003891       2.03740740       2.03740740       1.25549030    
   68.8003922       2.05271435       2.05271435      0.303344041    
   68.9003906       2.05358291       2.05358291      0.643798649    
   69.0003967       2.05171585       2.05171585      0.648578405    
   69.5003967       2.02172995       2.02172995      0.373881161    
   69.6003952       2.02034807       2.02034807       1.00927794    
   69.7004013       2.01460028       2.01460028      0.562375307    
   69.9003983       2.02120852       2.02120852       1.42100680    
   70.2004013       2.03953910       2.03953910       8.04372877E-03
   70.3004074       2.04947186       2.04947186       2.61626840    
   70.4004059       2.05144286       2.05144286      0.208757654    
   70.6004028       2.05404902       2.05404902      0.528266609    
   70.8004074       2.04306483       2.04306483      0.230461538    
   71.2004089       2.01838994       2.01838994      0.417773515    
   71.3004150       2.01585007       2.01585007      0.740524292    
   71.4004135       2.01592350       2.01592350      0.369402677    
   71.5004120       2.01795435       2.01795435      0.299063444    
   71.7004166       2.03093791       2.03093791       1.26516402    
   72.2004166       2.05132174       2.05132174      0.236262932    
   72.3004227       2.05269051       2.05269051       1.57449734    
   72.4004211       2.04471803       2.04471803       1.50885189    
   72.6004181       2.02913976       2.02913976      0.600918233    
   72.8004227       2.01825547       2.01825547       1.56811857    
   73.0004272       2.01889372       2.01889372       1.96851170    
   73.2004242       2.02178121       2.02178121      0.608769357    
   73.3004303       2.02954412       2.02954412      0.307756186    
   73.4004288       2.03888535       2.03888535       1.27880323    
   73.5004272       2.04126620       2.04126620      0.387546450    
   73.9004288       2.04737115       2.04737115      0.681037724    
   74.0004349       2.04400277       2.04400277      0.635277212    
   74.1004333       2.04251337       2.04251337       2.04258013    
   74.2004318       2.02833891       2.02833891      0.531792164    
   74.3004379       2.02691245       2.02691245      0.557781577    
   74.4004364       2.02316880       2.02316880       2.39345098    
   75.0004425       2.03916144       2.03916144       1.50261641    
   75.3004456       2.04969406       2.04969406      0.208493352    
   75.5004425       2.04548979       2.04548979      0.986262262    
   75.9004440       2.02256441       2.02256441      0.796408594    
   76.1004486       2.02033401       2.02033401       1.37182117    
   76.2004471       2.01260948       2.01260948      0.767741024    
   76.4004517       2.02414131       2.02414131       1.29311025    
   76.8004532       2.04741120       2.04741120       2.62982750    
   77.0004578       2.05143547       2.05143547      0.727798402    
   77.2004547       2.04048657       2.04048657      0.618783474    
   77.3004608       2.03701830       2.03701830      0.522560775    
   77.7004623       2.01744652       2.01744652      0.641378343    
   77.8004608       2.01351142       2.01351142      0.254951745    
   77.9004593       2.01725531       2.01725531       1.64476335    
   78.0004654       2.02150822       2.02150822       7.45540634E-02
   78.2004623       2.03320289       2.03320289       1.06500173    
   78.7004700       2.04957557       2.04957557      0.161509082    
   78.8004684       2.04594541       2.04594541      0.880950034    
   79.1004715       2.02430511       2.02430511      0.637771070    
   79.3004761       2.01553941       2.01553941       1.24629772    
   79.5004730       2.01755238       2.01755238       1.82615435    
   79.7004776       2.02541876       2.02541876      0.590931058    
   79.8004761       2.03035736       2.03035736       9.48262885E-02
   79.9004745       2.04091167       2.04091167       1.76971984    
   80.0004807       2.04320669       2.04320669      0.327913702    
   80.5004807       2.03731298       2.03731298      0.228362933    
   80.6004791       2.03497863       2.03497863       1.84613907    
   80.7004852       2.02610970       2.02610970      0.318811238    
   80.8004837       2.02099156       2.02099156      0.235693067    
   80.9004822       2.01739287       2.01739287      0.974027336    
   81.1004868       2.01478195       2.01478195      0.852504134    
   81.5004883       2.03679037       2.03679037      0.866733849    
   81.6004868       2.04228473       2.04228473      0.533266604    
   81.7004929       2.04573536       2.04573536      0.588793695    
   81.8004913       2.04582000       2.04582000      0.534626424    
   82.0004959       2.04399395       2.04399395       1.68700314    
   82.3004990       2.02516961       2.02516961      0.348020673    
   82.4004974       2.02439117       2.02439117       2.96225834    
   82.5004959       2.01583004       2.01583004       9.22814384E-02
   82.6004944       2.01876831       2.01876831       1.82096469    
   82.7005005       2.01763678       2.01763678       1.04860687    
   82.9004974       2.02287412       2.02287412      0.503612459    
   83.3005066       2.04846311       2.04846311       1.57222378    
   83.5005035       2.04436302       2.04436302      0.373565942    
   83.6005020       2.04275823       2.04275823      0.761124730    
   83.7005081       2.03997922       2.03997922      0.782797515    
   83.8005066       2.03012538       2.03012538       1.09537756    
   84.3005142       2.01552272       2.01552272      0.169633329    
   84.4005127       2.02218819       2.02218819       3.20657539    
   84.5005112       2.02096868       2.02096868      0.253247648    
   84.7005157       2.03841615       2.03841615       1.23318112    
   85.1005173       2.04563904       2.04563904       2.01561403    
   85.5005188       2.02372074       2.02372074      0.331370234    
   85.6005173       2.02096987       2.02096987      0.532971799    
   86.0005264       2.02030158       2.02030158       1.26583827    
   86.2005234       2.02606750       2.02606750      0.751484632    
   86.3005295       2.03437233       2.03437233      0.213603705    
   86.4005280       2.04233384       2.04233384       1.82435632    
   86.5005264       2.04117250       2.04117250       1.00969541    
   87.0005341       2.03566933       2.03566933      0.178318530    
   87.1005325       2.02817774       2.02817774       2.16452074    
   87.4005356       2.01441097       2.01441097      0.365270197    
   87.5005341       2.01196742       2.01196742      0.628248692    
   87.6005325       2.01673794       2.01673794      0.312817603    
   88.1005402       2.03966951       2.03966951      0.511622012    
   88.2005386       2.04518843       2.04518843      0.791363299    
   88.3005447       2.04549909       2.04549909      0.320708275    
   88.5005417       2.03990006       2.03990006       2.00669503    
   88.9005432       2.02148747       2.02148747       3.36097717    
   89.0005493       2.01680946       2.01680946       5.96565381E-02
   89.1005478       2.01635003       2.01635003       1.37140632    
   89.4005508       2.02380228       2.02380228      0.211249754    
   89.8005524       2.04469848       2.04469848      0.954515576    
   90.0005569       2.04190826       2.04190826      0.406477332    
   90.1005554       2.03678155       2.03678155      0.362684429    
   90.2005539       2.03661299       2.03661299       1.26321113    
   90.3005600       2.02809072       2.02809072      0.582241118    
   90.9005585       2.02269983       2.02269983       2.59401941    
   91.0005646       2.02511501       2.02511501      0.757565260    
   91.2005615       2.03650475       2.03650475       1.05605650    
   91.3005676       2.03904057       2.03904057      0.405897200    
   91.4005661       2.04125404       2.04125404       1.14347279    
   91.6005630       2.04341745       2.04341745       2.65922070    
   91.8005676       2.03371358       2.03371358      0.953732789    
   92.0005722       2.02212024       2.02212024       1.22991610    
   92.1005707       2.01624942       2.01624942      0.284701198    
   92.6005707       2.02284861       2.02284861      0.727666199    
   92.7005768       2.03171635       2.03171635       1.90749550    
   92.8005753       2.03383422       2.03383422      0.523888052    
   92.9005737       2.04294658       2.04294658       1.38696873    
   93.2005768       2.04163623       2.04163623       1.33744025    
   93.6005783       2.02666712       2.02666712       2.78202343    
   93.8005829       2.01379132       2.01379132      0.914828360    
   93.9005814       2.01387691       2.01387691      0.273765653    
   94.0005875       2.01619482       2.01619482       1.57741427    
   94.1005859       2.01581454       2.01581454      0.562298656    
   94.5005875       2.03698802       2.03698802      0.564590216    
   94.6005859       2.04123402       2.04123402      0.457746536    
   94.7005920       2.04570222       2.04570222       2.34296536    
   94.8005905       2.04041052       2.04041052      0.371592969    
   95.0005951       2.03741741       2.03741741       1.52402937    
   95.4005966       2.01526761       2.01526761       2.30857539    
   95.6005936       2.01804066       2.01804066       1.23312390    
   95.8005981       2.01921320       2.01921320      0.384058625    
   95.9005966       2.02690172       2.02690172      0.521153152    
   96.3006058       2.04406261       2.04406261       1.08780456    
   96.5006027       2.03781104       2.03781104      0.935521185    
   96.6006012       2.03528905       2.03528905       6.26679733E-02
   96.7006073       2.03210235       2.03210235       1.88342690    
   96.8006058       2.02312255       2.02312255      0.497068763    
   97.3006134       2.01890779       2.01890779      0.264249772    
   97.4006119       2.02184153       2.02184153       1.32550418    
   97.7006149       2.03474879       2.03474879      0.663025022    
   97.9006119       2.04140830       2.04140830      0.918294370    
   98.1006165       2.03890300       2.03890300       2.32530308    
   98.3006210       2.02999020       2.02999020      0.769950747    
   98.4006195       2.02175331       2.02175331      0.138909951    
   98.5006180       2.02067924       2.02067924       1.46770442    
   98.6006165       2.01674771       2.01674771      0.253288120    
   99.1006241       2.02282357       2.02282357      0.451647937    
   99.2006226       2.03430367       2.03430367       2.78405619    
   99.3006287       2.03649497       2.03649497      0.136534497    
   99.4006271       2.04016328       2.04016328      0.816965699    
   99.7006302       2.03645182       2.03645182      0.572586954    
